Frequency 	VF1
8	113,988283305672
10007,992	113,77501566097
20007,984	113,141778128736
30007,976	112,105760737253
40007,968	110,69418104934
50007,96	108,942360789889
60007,952	106,89141267865
70007,944	104,585814606157
80007,936	102,071118550306
90007,928	99,3919775501961
100007,92	96,5905961646932
110007,912	93,7056363716523
120007,904	90,771553581806
130007,896	87,8183008669567
140007,888	84,8713224623838
150007,88	81,9517557095515
160007,872	79,0767685052877
170007,864	76,2599721959687
180007,856	73,5118641001137
190007,848	70,8402671865
200007,84	68,2507457137747
210007,832	65,7469844727628
220007,824	63,331125761773
230007,816	61,0040627040818
240007,808	58,7656904011334
250007,8	56,6151181085019
260007,792	54,5508464717085
270007,784	52,5709141422376
280007,776	50,6730180187181
290007,768	48,8546110735284
300007,76	47,1129813336188
310007,752	45,4453151533841
320007,744	43,8487474888164
330007,736	42,3204014800843
340007,728	40,8574192864283
350007,72	39,4569857975602
360007,712	38,1163465696294
370007,704	36,832821098695
380007,696	35,6038123465375
390007,688	34,4268132681221
400007,68	33,299410952603
410007,672	32,2192888762296
420007,664	31,1842276721063
430007,656	30,1921047451239
440007,648	29,2408929976664
450007,64	28,3286588804741
460007,632	27,4535599412608
470007,624	26,6138420096505
480007,616	25,8078361292997
490007,608	25,0339553255515
500007,6	24,2906912786766
510007,592	23,5766109579027
520007,584	22,8903532593997
530007,576	22,2306256816346
540007,568	21,5962010636251
550007,56	20,9859144052561
560007,552	20,3986597836966
570007,544	19,8333873758339
580007,536	19,2891005933467
590007,528	18,7648533344138
600007,52	18,2597473539691
610007,512	17,7729297527802
620007,504	17,3035905843489
630007,496	16,8509605776477
640007,488	16,4143089729615
650007,48	15,9929414675506
660007,472	15,5861982674527
670007,464	15,1934522414672
680007,456	14,8141071731979
690007,448	14,4475961069298
700007,44	14,0933797830951
710007,432	13,7509451590979
720007,424	13,4198040113308
730007,416	13,0994916143013
740007,408	12,789565492904
750007,4	12,4896042439946
760007,392	12,1992064235671
770007,384	11,9179894959792
780007,376	11,6455888418231
790007,368	11,3816568211911
800007,36	11,1258618892415
810007,352	10,8778877611159
820007,344	10,6374326234154
830007,336	10,4042083895808
840007,328	10,1779399966672
850007,32	9,95836474113727
860007,312	9,74523165142838
870007,304	9,5383008951727
880007,296	9,33734321907064
890007,288	9,14213941953012
900007,28	8,95247984229352
910007,272	8,7681639093765
920007,264	8,58899967174082
930007,256	8,41480338621498
940007,248	8,24539911526463
950007,24	8,08061834829621
960007,232	7,92029964325612
970007,224	7,76428828736028
980007,216	7,6124359758586
990007,208	7,46460050780377
1000007,2	7,32064549785531
1010007,192	7,18044010320733
1020007,184	7,04385876478269
1030007,176	6,91078096188756
1040007,168	6,78109097956773
1050007,16	6,65467768795381
1060007,152	6,53143433292415
1070007,144	6,41125833745438
1080007,136	6,29405111305973
1090007,128	6,17971788077132
1100007,12	6,0681675011206
1110007,112	5,95931231263698
1120007,104	5,85306797839271
1130007,096	5,74935334015629
1140007,088	5,64809027974141
1150007,08	5,5492035871623
1160007,072	5,45262083522907
1170007,064	5,35827226023771
1180007,056	5,26609064842922
1190007,048	5,17601122791148
1200007,04	5,08797156575438
1210007,032	5,00191146998583
1220007,024	4,91777289623133
1230007,016	4,83549985875473
1240007,008	4,75503834567112
1250007	4,67633623811598
1260006,992	4,59934323316662
1270006,984	4,52401077032351
1280006,976	4,45029196136958
1290006,968	4,37814152343581
1300006,96	4,30751571511089
1310006,952	4,23837227544151
1320006,944	4,17067036567843
1330006,936	4,10437051363125
1340006,928	4,03943456050221
1350006,92	3,97582561007658
1360006,912	3,91350798015338
1370006,904	3,85244715610698
1380006,896	3,7926097464753
1390006,888	3,73396344047656
1400006,88	3,67647696736109
1410006,872	3,62012005751011
1420006,864	3,56486340519781
1430006,856	3,51067863293738
1440006,848	3,45753825733589
1450006,84	3,40541565638679
1460006,832	3,35428503813243
1470006,824	3,30412141063236
1480006,816	3,2549005531769
1490006,808	3,20659898868783
1500006,8	3,15919395725174
1510006,792	3,11266339073377
1520006,784	3,06698588842244
1530006,776	3,02214069365853
1540006,768	2,97810767140344
1550006,76	2,93486728670463
1560006,752	2,89240058401775
1570006,744	2,85068916734722
1580006,736	2,80971518116874
1590006,728	2,76946129209914
1600006,72	2,7299106712804
1610006,712	2,69104697744663
1620006,704	2,65285434064399
1630006,696	2,61531734657511
1640006,688	2,57842102154103
1650006,68	2,54215081795454
1660006,672	2,50649260040071
1670006,664	2,47143263222086
1680006,656	2,43695756259779
1690006,648	2,40305441412093
1700006,64	2,3697105708111
1710006,632	2,33691376658549
1720006,624	2,30465207414448
1730006,616	2,27291389426255
1740006,608	2,24168794546653
1750006,6	2,2109632540852
1760006,592	2,18072914465475
1770006,584	2,15097523066564
1780006,576	2,12169140563683
1790006,568	2,09286783450398
1800006,56	2,06449494530899
1810006,552	2,03656342117858
1820006,544	2,0090641925804
1830006,536	1,98198842984543
1840006,528	1,95532753594617
1850006,52	1,92907313952031
1860006,512	1,90321708813028
1870006,504	1,87775144174941
1880006,496	1,85266846646567
1890006,488	1,82796062839462
1900006,48	1,80362058779345
1910006,472	1,77964119336822
1920006,464	1,75601547676694
1930006,456	1,73273664725143
1940006,448	1,70979808654093
1950006,44	1,68719334382122
1960006,432	1,66491613091276
1970006,424	1,64296031759205
1980006,416	1,62131992706034
1990006,408	1,59998913155434
2000006,4	1,5789622480936
2010006,392	1,55823373435956
2020006,384	1,5377981847015
2030006,376	1,51765032626467
2040006,368	1,49778501523631
2050006,36	1,47819723320529
2060006,352	1,45888208363123
2070006,344	1,43983478841942
2080006,336	1,42105068459757
2090006,328	1,40252522109108
2100006,32	1,38425395559321
2110006,312	1,366232551527
2120006,304	1,34845677509581
2130006,296	1,33092249241933
2140006,288	1,31362566675248
2150006,28	1,29656235578404
2160006,272	1,27972870901275
2170006,264	1,2631209651981
2180006,256	1,24673544988345
2190006,248	1,23056857298922
2200006,24	1,21461682647379
2210006,232	1,19887678206008
2220006,224	1,18334508902566
2230006,216	1,16801847205451
2240006,208	1,15289372914848
2250006,2	1,13796772959668
2260006,192	1,12323741200099
2270006,184	1,10869978235607
2280006,176	1,09435191218229
2290006,168	1,08019093670999
2300006,16	1,06621405311359
2310006,152	1,05241851879416
2320006,144	1,03880164970909
2330006,136	1,02536081874747
2340006,128	1,01209345415004
2350006,12	0,998997037972327
2360006,112	0,986069104590045
2370006,104	0,973307239245317
2380006,096	0,96070907663291
2390006,088	0,948272299525301
2400006,08	0,935994637435548
2410006,072	0,923873865317093
2420006,064	0,911907802299462
2430006,056	0,900094310458978
2440006,048	0,88843129362366
2450006,04	0,876916696211382
2460006,032	0,86554850210053
2470006,024	0,854324733532318
2480006,016	0,843243450044037
2490006,008	0,832302747432435
2500006	0,821500756746561
2510005,992	0,810835643309317
2520005,984	0,800305605767049
2530005,976	0,789908875166531
2540005,968	0,779643714058669
2550005,96	0,769508415628291
2560005,952	0,759501302849422
2570005,944	0,749620727665437
2580005,936	0,739865070193495
2590005,928	0,730232737952687
2600005,92	0,720722165115356
2610005,912	0,711331811780981
2620005,904	0,702060163272176
2630005,896	0,692905729452191
2640005,888	0,68386704406346
2650005,88	0,674942664086647
2660005,872	0,666131169119732
2670005,864	0,657431160776613
2680005,856	0,648841262104778
2690005,848	0,64036011702154
2700005,84	0,631986389768418
2710005,832	0,623718764383158
2720005,824	0,61555594418899
2730005,816	0,607496651300657
2740005,808	0,599539626146779
2750005,8	0,591683627008153
2760005,792	0,583927429571542
2770005,784	0,576269826498536
2780005,776	0,568709627009117
2790005,768	0,56124565647948
2800005,76	0,55387675605375
2810005,752	0,546601782269174
2820005,744	0,539419606694454
2830005,736	0,53232911558079
2840005,728	0,525329209525296
2850005,72	0,518418803146425
2860005,712	0,511596824771025
2870005,704	0,504862216132684
2880005,696	0,498213932081027
2890005,688	0,491650940301603
2900005,68	0,48517222104605
2910005,672	0,478776766872179
2920005,664	0,472463582393691
2930005,656	0,466231684039179
2940005,648	0,460080099820116
2950005,64	0,45400786910752
2960005,632	0,448014042416999
2970005,624	0,442097681201893
2980005,616	0,436257857654196
2990005,608	0,430493654513004
3000005,6	0,424804164880199
3010005,592	0,41918849204312
3020005,584	0,413645749303918
3030005,576	0,408175059815375
3040005,568	0,402775556422919
3050005,56	0,397446381512634
3060005,552	0,392186686864867
3070005,544	0,386995633513461
3080005,536	0,381872391610155
3090005,528	0,376816140294047
3100005,52	0,371826067565847
3110005,512	0,36690137016678
3120005,504	0,362041253461869
3130005,496	0,357244931327434
3140005,488	0,352511626042601
3150005,48	0,347840568184638
3160005,472	0,343230996527987
3170005,464	0,338682157946699
3180005,456	0,334193307320234
3190005,448	0,329763707442391
3200005,44	0,325392628933233
3210005,432	0,321079350153803
3220005,424	0,316823157123623
3230005,416	0,312623343440642
3240005,408	0,308479210203653
3250005,4	0,304390065936974
3260005,392	0,300355226517299
3270005,384	0,296374015102543
3280005,376	0,292445762062683
3290005,368	0,288569804912291
3300005,36	0,284745488244879
3310005,352	0,280972163668772
3320005,344	0,277249189744525
3330005,336	0,273575931923672
3340005,328	0,269951762488908
3350005,32	0,266376060495382
3360005,312	0,262848211713228
3370005,304	0,259367608571129
3380005,296	0,255933650100885
3390005,288	0,252545741882939
3400005,28	0,249203295992721
3410005,272	0,245905730947827
3420005,264	0,242652471655956
3430005,256	0,239442949363494
3440005,248	0,236276601604754
3450005,24	0,233152872151816
3460005,232	0,230071210964877
3470005,224	0,227031074143121
3480005,216	0,224031923876036
3490005,208	0,22107322839514
3500005,2	0,218154461926096
3510005,192	0,215275104641176
3520005,184	0,212434642612032
3530005,176	0,209632567762772
3540005,168	0,206868377823265
3550005,16	0,204141576282735
3560005,152	0,201451672343517
3570005,144	0,198798180875032
3580005,136	0,196180622367945
3590005,128	0,193598522888468
3600005,12	0,191051414032804
3610005,112	0,188538832881736
3620005,104	0,186060321955316
3630005,096	0,183615429167672
3640005,088	0,181203707781901
3650005,08	0,17882471636507
3660005,072	0,176478018743272
3670005,064	0,17416318395678
3680005,056	0,171879786215253
3690005,048	0,169627404853029
3700005,04	0,167405624284457
3710005,032	0,165214033959314
3720005,024	0,163052228318265
3730005,016	0,16091980674839
3740005,008	0,158816373538767
3750005	0,156741537836125
3760004,992	0,154694913600546
3770004,984	0,152676119561234
3780004,976	0,150684779172359
3790004,968	0,148720520568959
3800004,96	0,146782976522923
3810004,952	0,144871784399043
3820004,944	0,142986586111158
3830004,936	0,14112702807837
3840004,928	0,139292761181355
3850004,92	0,137483440718779
3860004,912	0,135698726363793
3870004,904	0,133938282120654
3880004,896	0,132201776281444
3890004,888	0,130488881382919
3900004,88	0,128799274163462
3910004,872	0,127132635520182
3920004,864	0,12548865046614
3930004,856	0,123867008087716
3940004,848	0,122267401502129
3950004,84	0,120689527815094
3960004,832	0,119133088078663
3970004,824	0,117597787249211
3980004,816	0,116083334145596
3990004,808	0,114589441407511
4000004,8	0,113115825453996
4010004,792	0,111662206442164
4020004,784	0,110228308226101
4030004,776	0,108813858315982
4040004,768	0,10741858783738
4050004,76	0,1060422314908
4060004,752	0,10468452751142
4070004,744	0,103345217629057
4080004,736	0,102024047028366
4090004,728	0,10072076430926
4100004,72	0,0994351214475815
4110004,712	0,0981668737559992
4120004,704	0,0969157798451719
4130004,696	0,095681601585138
4140004,688	0,0944641040669847
4150004,68	0,0932630555647585
4160004,672	0,0920782274976462
4170004,664	0,0909093943924232
4180004,656	0,0897563338461683
4190004,648	0,0886188264892536
4200004,64	0,0874966559486148
4210004,632	0,0863896088112923
4220004,624	0,0852974745882654
4230004,616	0,0842200456785683
4240004,608	0,083157117333691
4250004,6	0,082108487622272
4260004,592	0,08107395739509
4270004,584	0,0800533302503398
4280004,576	0,0790464124992166
4290004,568	0,0780530131317889
4300004,56	0,0770729437831775
4310004,552	0,0761060187000361
4320004,544	0,075152054707333
4330004,536	0,0742108711754354
4340004,528	0,0732822899875071
4350004,52	0,0723661355072015
4360004,512	0,0714622345466724
4370004,504	0,0705704163348834
4380004,496	0,0696905124862303
4390004,488	0,0688223569694749
4400004,48	0,0679657860769803
4410004,472	0,067120638394261
4420004,464	0,066286754769843
4430004,456	0,0654639782854247
4440004,448	0,0646521542263585
4450004,44	0,0638511300524307
4460004,432	0,063060755368956
4470004,424	0,062280881898176
4480004,416	0,0615113634509645
4490004,408	0,0607520558988473
4500004,4	0,0600028171463106
4510004,392	0,0592635071034323
4520004,384	0,0585339876588056
4530004,376	0,0578141226527687
4540004,368	0,0571037778509354
4550004,36	0,0564028209180266
4560004,352	0,0557111213919995
4570004,344	0,0550285506584778
4580004,336	0,0543549819254706
4590004,328	0,0536902901983952
4600004,32	0,0530343522553866
4610004,312	0,0523870466228992
4620004,304	0,0517482535516026
4630004,296	0,0511178549925601
4640004,288	0,050495734573696
4650004,28	0,0498817775765472
4660004,272	0,0492758709132973
4670004,264	0,0486779031040924
4680004,256	0,0480877642546345
4690004,248	0,0475053460340494
4700004,24	0,0469305416530331
4710004,232	0,0463632458422713
4720004,224	0,0458033548311233
4730004,216	0,0452507663265818
4740004,208	0,0447053794924935
4750004,2	0,0441670949290458
4760004,192	0,0436358146525153
4770004,184	0,0431114420752773
4780004,176	0,042593881986066
4790004,168	0,0420830405305013
4800004,16	0,0415788251918546
4810004,152	0,0410811447720778
4820004,144	0,0405899093730715
4830004,136	0,0401050303782006
4840004,128	0,0396264204340589
4850004,12	0,0391539934324657
4860004,112	0,0386876644927086
4870004,104	0,0382273499440192
4880004,096	0,0377729673082807
4890004,088	0,0373244352829735
4900004,08	0,0368816737243421
4910004,072	0,0364446036307941
4920004,064	0,0360131471265212
4930004,056	0,0355872274453438
4940004,048	0,0351667689147713
4950004,04	0,0347516969402856
4960004,032	0,0343419379898338
4970004,024	0,0339374195785363
4980004,016	0,0335380702536032
4990004,008	0,0331438195794601
5000004	0,0327545981230787
5010003,992	0,0323703374395084
5020003,984	0,0319909700576109
5030003,976	0,0316164294659923
5040003,968	0,0312466500991297
5050003,96	0,0308815673236948
5060003,952	0,0305211174250639
5070003,944	0,0301652375940225
5080003,936	0,0298138659136513
5090003,928	0,0294669413464001
5100003,92	0,0291244037213429
5110003,912	0,0287861937216133
5120003,904	0,0284522528720173
5130003,896	0,0281225235268198
5140003,888	0,0277969488577094
5150003,88	0,0274754728419291
5160003,872	0,027158040250579
5170003,864	0,0268445966370844
5180003,856	0,0265350883258296
5190003,848	0,0262294624009544
5200003,84	0,0259276666953095
5210003,832	0,0256296497795727
5220003,824	0,02533536095152
5230003,816	0,0250447502254503
5240003,808	0,0247577683217653
5250003,8	0,0244743666566958
5260003,792	0,0241944973321792
5270003,784	0,0239181131258836
5280003,776	0,0236451674813732
5290003,768	0,0233756144984195
5300003,76	0,0231094089234511
5310003,752	0,0228465061401425
5320003,744	0,0225868621601418
5330003,736	0,0223304336139282
5340003,728	0,0220771777418087
5350003,72	0,0218270523850422
5360003,712	0,0215800159770934
5370003,704	0,0213360275350168
5380003,696	0,0210950466509628
5390003,688	0,0208570334838116
5400003,68	0,0206219487509277
5410003,672	0,0203897537200354
5420003,664	0,0201604102012139
5430003,656	0,019933880539009
5440003,648	0,0197101276046608
5450003,64	0,0194891147884478
5460003,632	0,0192708059921378
5470003,624	0,0190551656215577
5480003,616	0,0188421585792648
5490003,608	0,0186317502573324
5500003,6	0,0184239065302376
5510003,592	0,0182185937478553
5520003,584	0,018015778728556
5530003,576	0,0178154287524038
5540003,568	0,0176175115544569
5550003,56	0,0174219953181654
5560003,552	0,0172288486688675
5570003,544	0,0170380406673806
5580003,536	0,0168495408036896
5590003,528	0,0166633189907251
5600003,52	0,0164793455582364
5610003,512	0,0162975912467538
5620003,504	0,0161180272016415
5630003,496	0,0159406249672361
5640003,488	0,015765356481075
5650003,48	0,0155921940682077
5660003,472	0,0154211104355924
5670003,464	0,0152520786665767
5680003,456	0,0150850722154579
5690003,448	0,014920064902125
5700003,44	0,0147570309067807
5710003,432	0,0145959447647413
5720003,424	0,0144367813613122
5730003,416	0,0142795159267424
5740003,408	0,014124124031251
5750003,4	0,0139705815801286
5760003,392	0,0138188648089118
5770003,384	0,0136689502786284
5780003,376	0,0135208148711133
5790003,368	0,0133744357843955
5800003,36	0,0132297905281497
5810003,352	0,0130868569192199
5820003,344	0,0129456130772066
5830003,336	0,0128060374201194
5840003,328	0,0126681086600961
5850003,32	0,0125318057991831
5860003,312	0,0123971081251792
5870003,304	0,0122639952075413
5880003,296	0,0121324468933514
5890003,288	0,0120024433033408
5900003,28	0,0118739648279769
5910003,272	0,0117469921236043
5920003,264	0,0116215061086464
5930003,256	0,011497487959861
5940003,248	0,0113749191086521
5950003,24	0,0112537812374369
5960003,232	0,0111340562760651
5970003,224	0,011015726398293
5980003,216	0,0108987740183087
5990003,208	0,0107831817873091
6000003,2	0,0106689325901268
6010003,192	0,0105560095419084
6020003,184	0,0104443959848405
6030003,176	0,0103340754849248
6040003,168	0,0102250318288004
6050003,16	0,010117249020614
6060003,152	0,0100107112789357
6070003,144	0,00990540303371897
6080003,136	0,00980130892330896
6090003,128	0,00969841379149137
6100003,12	0,00959670268458689
6110003,112	0,0094961608485882
6120003,104	0,00939677372633863
6130003,096	0,00929852695475291
6140003,088	0,00920140636207871
6150003,08	0,00910539796519851
6160003,072	0,00901048796697116
6170003,064	0,00891666275361303
6180003,056	0,00882390889211662
6190003,048	0,00873221312770844
6200003,04	0,00864156238134302
6210003,032	0,00855194374723482
6220003,024	0,00846334449042566
6230003,016	0,00837575204438913
6240003,008	0,00828915400866686
6250003	0,00820353814654485
6260002,992	0,00811889238275821
6270002,984	0,00803520480123401
6280002,976	0,00795246364286356
6290002,968	0,00787065730331145
6300002,96	0,00778977433085188
6310002,952	0,00770980342424091
6320002,944	0,00763073343061703
6330002,936	0,00755255334343432
6340002,928	0,00747525230042352
6350002,92	0,00739881958158623
6360002,912	0,00732324460721408
6370002,904	0,0072485169359416
6380002,896	0,00717462626282318
6390002,888	0,00710156241744067
6400002,88	0,00702931536203807
6410002,872	0,00695787518968253
6420002,864	0,0068872321224531
6430002,856	0,00681737650965576
6440002,848	0,00674829882606308
6450002,84	0,00667998967018161
6460002,832	0,00661243976254227
6470002,824	0,00654563994401754
6480002,816	0,00647958117416123
6490002,808	0,00641425452957414
6500002,8	0,00634965120229157
6510002,792	0,00628576249819543
6520002,784	0,00622257983544916
6530002,776	0,00616009474295529
6540002,768	0,00609829885883442
6550002,76	0,00603718392892729
6560002,752	0,00597674180531855
6570002,744	0,00591696444488053
6580002,736	0,00585784390783961
6590002,728	0,00579937235636243
6600002,72	0,00574154205316177
6610002,712	0,00568434536012429
6620002,704	0,00562777473695695
6630002,696	0,00557182273985238
6640002,688	0,00551648202017431
6650002,68	0,005461745323162
6660002,672	0,0054076054866522
6670002,664	0,00535405543982094
6680002,656	0,00530108820194189
6690002,648	0,00524869688116352
6700002,64	0,00519687467330363
6710002,632	0,00514561486066042
6720002,624	0,00509491081084186
6730002,616	0,00504475597560962
6740002,608	0,00499514388974284
6750002,6	0,00494606816991502
6760002,592	0,00489752251358819
6770002,584	0,00484950069792319
6780002,576	0,0048019965787047
6790002,568	0,00475500408928209
6800002,56	0,00470851723952555
6810002,552	0,00466253011479613
6820002,544	0,0046170368749314
6830002,536	0,00457203175324523
6840002,528	0,00452750905554112
6850002,52	0,00448346315914079
6860002,512	0,00443988851192534
6870002,504	0,00439677963139082
6880002,496	0,00435413110371623
6890002,488	0,00431193758284633
6900002,48	0,00427019378958528
6910002,472	0,00422889451070507
6920002,464	0,00418803459806512
6930002,456	0,00414760896774522
6940002,448	0,00410761259919
6950002,44	0,00406804053436619
6960002,432	0,00402888787693083
6970002,424	0,00399014979141227
6980002,416	0,00395182150240151
6990002,408	0,00391389829375599
7000002,4	0,00387637550781399
7010002,392	0,0038392485446198
7020002,384	0,00380251286116045
7030002,376	0,00376616397061248
7040002,368	0,00373019744160011
7050002,36	0,00369460889746273
7060002,352	0,00365939401553293
7070002,344	0,0036245485264256
7080002,336	0,00359006821333563
7090002,328	0,0035559489113459
7100002,32	0,00352218650674539
7110002,312	0,0034887769363562
7120002,304	0,00345571618686996
7130002,296	0,00342300029419367
7140002,288	0,00339062534280497
7150002,28	0,00335858746511577
7160002,272	0,00332688284084458
7170002,264	0,00329550769639845
7180002,256	0,00326445830426282
7190002,248	0,00323373098239995
7200002,24	0,00320332209365539
7210002,232	0,00317322804517324
7220002,224	0,00314344528781936
7230002,216	0,00311397031561178
7240002,208	0,00308479966516041
7250002,2	0,00305592991511299
7260002,192	0,00302735768560938
7270002,184	0,002999079637744
7280002,176	0,00297109247303406
7290002,168	0,00294339293289679
7300002,16	0,00291597779813264
7310002,152	0,00288884388841638
7320002,144	0,00286198806179448
7330002,136	0,00283540721419021
7340002,128	0,00280909827891461
7350002,12	0,00278305822618493
7360002,112	0,00275728406264919
7370002,104	0,00273177283091735
7380002,096	0,00270652160909895
7390002,088	0,00268152751034738
7400002,08	0,00265678768240952
7410002,072	0,00263229930718224
7420002,064	0,0026080596002748
7430002,056	0,00258406581057694
7440002,048	0,00256031521983328
7450002,04	0,0025368051422232
7460002,032	0,00251353292394643
7470002,024	0,00249049594281405
7480002,016	0,00246769160784615
7490002,008	0,00244511735887298
7500002	0,00242277066614355
7510001,992	0,00240064902993829
7520001,984	0,00237874998018693
7530001,976	0,00235707107609259
7540001,968	0,00233560990575945
7550001,96	0,0023143640858268
7560001,952	0,00229333126110718
7570001,944	0,00227250910422964
7580001,936	0,00225189531528789
7590001,928	0,00223148762149334
7600001,92	0,00221128377683209
7610001,912	0,00219128156172727
7620001,904	0,00217147878270613
7630001,896	0,00215187327206998
7640001,888	0,0021324628875708
7650001,88	0,00211324551209065
7660001,872	0,00209421905332542
7670001,864	0,00207538144347409
7680001,856	0,00205673063893023
7690001,848	0,00203826461997931
7700001,84	0,0020199813904991
7710001,832	0,00200187897766412
7720001,824	0,00198395543165479
7730001,816	0,00196620882536946
7740001,808	0,00194863725414051
7750001,8	0,0019312388354551
7760001,792	0,00191401170867811
7770001,784	0,00189695403478052
7780001,776	0,00188006399606933
7790001,768	0,0018633397959232
7800001,76	0,00184677965852996
7810001,752	0,00183038182862865
7820001,744	0,00181414457125396
7830001,736	0,00179806617148506
7840001,728	0,00178214493419721
7850001,72	0,00176637918381652
7860001,712	0,00175076726407846
7870001,704	0,00173530753778909
7880001,696	0,00171999838658956
7890001,688	0,00170483821072358
7900001,68	0,00168982542880842
7910001,672	0,00167495847760852
7920001,664	0,00166023581181183
7930001,656	0,00164565590380972
7940001,648	0,00163121724347936
7950001,64	0,00161691833796889
7960001,632	0,00160275771148578
7970001,624	0,00158873390508745
7980001,616	0,00157484547647521
7990001,608	0,00156109099979003
8000001,6	0,00154746906541229
8010001,592	0,0015339782797625
8020001,584	0,00152061726510632
8030001,576	0,0015073846593604
8040001,568	0,00149427911590234
8050001,56	0,00148129930338215
8060001,552	0,00146844390553603
8070001,544	0,00145571162100359
8080001,536	0,00144310116314615
8090001,528	0,00143061125986855
8100001,52	0,00141824065344222
8110001,512	0,00140598810033162
8120001,504	0,00139385237102178
8130001,496	0,00138183224984911
8140001,488	0,00136992653483356
8150001,48	0,00135813403751351
8160001,472	0,00134645358278279
8170001,464	0,00133488400872887
8180001,456	0,00132342416647477
8190001,448	0,00131207292002137
8200001,44	0,00130082914609268
8210001,432	0,00128969173398312
8220001,424	0,00127865958540612
8230001,416	0,00126773161434516
8240001,408	0,00125690674690683
8250001,4	0,0012461839211752
8260001,392	0,00123556208706867
8270001,384	0,00122504020619809
8280001,376	0,00121461725172735
8290001,368	0,00120429220823489
8300001,36	0,00119406407157807
8310001,352	0,00118393184875784
8320001,344	0,00117389455778676
8330001,336	0,00116395122755726
8340001,328	0,00115410089771255
8350001,32	0,0011443426185186
8360001,312	0,00113467545073806
8370001,304	0,00112509846550575
8380001,296	0,00111561074420543
8390001,288	0,00110621137834842
8400001,28	0,00109689946945376
8410001,272	0,00108767412892985
8420001,264	0,00107853447795714
8430001,256	0,00106947964737331
8440001,248	0,00106050877755884
8450001,24	0,00105162101832447
8460001,232	0,00104281552880033
8470001,224	0,00103409147732599
8480001,216	0,00102544804134221
8490001,208	0,00101688440728384
8500001,2	0,00100839977047424
8510001,192	0,000999993335021017
8520001,184	0,000991664313712781
8530001,176	0,000983411927917596
8540001,168	0,000975235407482699
8550001,16	0,0009671339906347
8560001,152	0,00095910692388222
8570001,144	0,000951153461918858
8580001,136	0,000943272867527645
8590001,128	0,000935464411486813
8600001,12	0,000927727372476631
8610001,112	0,00092006103698723
8620001,104	0,000912464699227754
8630001,096	0,000904937661036762
8640001,088	0,000897479231793685
8650001,08	0,000890088728330803
8660001,072	0,000882765474847308
8670001,064	0,000875508802823882
8680001,056	0,000868318050937985
8690001,048	0,000861192564981042
8700001,04	0,000854131697775749
8710001,032	0,00084713480909547
8720001,024	0,000840201265583257
8730001,016	0,000833330440673125
8740001,008	0,00082652171451166
8750001	0,000819774473880599
8760000,992	0,000813088112120691
8770000,984	0,000806462029056072
8780000,976	0,000799895630919802
8790000,968	0,000793388330280474
8800000,96	0,000786939545969542
8810000,952	0,000780548703008992
8820000,944	0,000774215232541281
8830000,936	0,000767938571758787
8840000,928	0,000761718163834571
8850000,92	0,000755553457854371
8860000,912	0,000749443908748852
8870000,904	0,000743388977227032
8880000,896	0,000737388129710331
8890000,888	0,000731440838267582
8900000,88	0,000725546580550888
8910000,872	0,000719704839731822
8920000,864	0,000713915104438853
8930000,856	0,000708176868695409
8940000,848	0,000702489631858898
8950000,84	0,000696852898559689
8960000,832	0,000691266178641872
8970000,824	0,000685728987104104
8980000,816	0,000680240844041148
8990000,808	0,000674801274586542
9000000,8	0,000669409808855494
9010000,792	0,000664065981888859
9020000,784	0,000658769333597364
9030000,776	0,000653519408707043
9040000,768	0,000648315756704748
9050000,76	0,000643157931784741
9060000,752	0,000638045492795826
9070000,744	0,000632978003189082
9080000,736	0,00062795503096594
9090000,728	0,000622976148627578
9100000,72	0,000618040933124238
9110000,712	0,000613148965805453
9120000,704	0,000608299832370824
9130000,696	0,000603493122821589
9140000,688	0,000598728431412319
9150000,68	0,000594005356603473
9160000,672	0,000589323501014691
9170000,664	0,000584682471378274
9180000,656	0,000580081878493437
9190000,648	0,000575521337181041
9200000,64	0,000571000466238946
9210000,632	0,000566518888397764
9220000,624	0,000562076230277257
9230000,616	0,000557672122343112
9240000,608	0,000553306198864435
9250000,6	0,000548978097871478
9260000,592	0,000544687461114209
9270000,584	0,000540433934021057
9280000,576	0,000536217165658226
9290000,568	0,000532036808689733
9300000,56	0,000527892519337444
9310000,552	0,000523783957341986
9320000,544	0,000519710785924131
9330000,536	0,000515672671746265
9340000,528	0,000511669284874671
9350000,52	0,000507700298742029
9360000,512	0,000503765390110435
9370000,504	0,000499864239035125
9380000,496	0,000495996528828071
9390000,488	0,00049216194602234
9400000,48	0,000488360180336979
9410000,472	0,000484590924642093
9420000,464	0,00048085387492437
9430000,456	0,000477148730252955
9440000,448	0,000473475192746147
9450000,44	0,000469832967537702
9460000,432	0,000466221762744296
9470000,424	0,000462641289432917
9480000,416	0,000459091261588691
9490000,408	0,000455571396083457
9500000,4	0,000452081412643975
9510000,392	0,000448621033821259
9520000,384	0,000445189984959846
9530000,376	0,000441787994167461
9540000,368	0,000438414792285265
9550000,36	0,000435070112857925
9560000,352	0,000431753692104751
9570000,344	0,000428465268890611
9580000,336	0,000425204584697379
9590000,328	0,000421971383595786
9600000,32	0,0004187654122173
9610000,312	0,000415586419726829
9620000,304	0,000412434157795165
9630000,296	0,000409308380572186
9640000,288	0,000406208844660289
9650000,28	0,000403135309087761
9660000,272	0,000400087535283124
9670000,264	0,000397065287049022
9680000,256	0,000394068330537022
9690000,248	0,000391096434222431
9700000,24	0,000388149368879389
9710000,232	0,000385226907556161
9720000,224	0,000382328825551137
9730000,216	0,000379454900388567
9740000,208	0,000376604911794922
9750000,2	0,000373778641675378
9760000,192	0,000370975874090635
9770000,184	0,000368196395233914
9780000,176	0,000365439993408455
9790000,168	0,000362706459004859
9800000,16	0,000359995584479055
9810000,152	0,000357307164330338
9820000,144	0,000354640995079766
9830000,136	0,000351996875248622
9840000,128	0,000349374605337416
9850000,12	0,000346773987804751
9860000,112	0,000344194827046751
9870000,104	0,000341636929376501
9880000,096	0,000339100103003902
9890000,088	0,000336584158015627
9900000,08	0,000334088906355321
9910000,072	0,000331614161804079
9920000,064	0,000329159739961054
9930000,056	0,000326725458224429
9940000,048	0,000324311135772332
9950000,04	0,000321916593544477
9960000,032	0,000319541654223203
9970000,024	0,000317186142215731
9980000,016	0,000314849883635612
9990000,008	0,000312532706285229
10000000	0,000310234439637981
