*Time 	AM2	AM1	VF1
0	-3,00000000014999E-11	3,00000000015E-11	-0,000148020584590884
0,00192307692307692	-3,00000000014999E-11	3,00000000015005E-11	-0,000149598136633499
0,00384615384615385	-3,00000000014999E-11	3,00000000015005E-11	-0,000151137779343531
0,00576923076923077	-3,00000000014999E-11	3,00000000015006E-11	-0,000152600689198043
0,00769230769230769	-3,00000000014999E-11	3,00000000015006E-11	-0,000153950809387158
0,00961538461538462	-3,00000000014999E-11	3,00000000015006E-11	-0,000155154908900962
0,0115384615384615	-3,00000000014999E-11	3,00000000015006E-11	-0,000156183338484213
0,0134615384615385	-3,00000000014999E-11	3,00000000015006E-11	-0,000157010773935162
0,0153846153846154	-3,00000000014999E-11	3,00000000015006E-11	-0,000157616838785947
0,0173076923076923	-3,00000000014999E-11	3,00000000015005E-11	-0,000157986613296047
0,0192307692307692	-3,00000000014999E-11	3,00000000015005E-11	-0,000158110992503609
0,0211538461538462	-3,00000000014999E-11	3,00000000015004E-11	-0,000157986909575203
0,0230769230769231	-3,00000000014999E-11	3,00000000015003E-11	-0,000157617424397595
0,025	-3,00000000014999E-11	3,00000000015002E-11	-0,00015701163374025
0,0269230769230769	-3,00000000014999E-11	3,00000000015001E-11	-0,000156184451770746
0,0288461538461538	-3,00000000014999E-11	3,00000000015E-11	-0,000155156250212245
0,0307692307692308	-3,00000000014999E-11	3,00000000014999E-11	-0,000153952344887037
0,0326923076923077	-3,00000000014999E-11	3,00000000014998E-11	-0,000152602379231815
0,0346153846153846	-3,00000000014999E-11	3,00000000014997E-11	-0,000151139593785061
0,0365384615384615	-3,00000000014999E-11	3,00000000014996E-11	-0,00014960000933678
0,0384615384615385	-3,00000000014999E-11	3,00000000014995E-11	-0,000148021533105137
0,0403846153846154	-3,00000000014999E-11	3,00000000014994E-11	-0,000146443035707871
0,0423076923076923	-3,00000000014999E-11	3,00000000014994E-11	-0,000144903380689104
0,0442307692307692	-3,00000000014999E-11	3,00000000014993E-11	-0,000143440481453275
0,0461538461538462	-3,00000000014999E-11	3,00000000014993E-11	-0,000142090360541507
0,0480769230769231	-3,00000000014999E-11	3,00000000014993E-11	-0,000140886262193395
0,05	-3,00000000014999E-11	3,00000000014993E-11	-0,000139857832723564
0,0519230769230769	-3,00000000014999E-11	3,00000000014993E-11	-0,000139030399170838
0,0538461538461538	-3,00000000014999E-11	3,00000000014993E-11	-0,000138424332422731
0,0557692307692308	-3,00000000014999E-11	3,00000000014994E-11	-0,000138054557931688
0,0576923076923077	-3,00000000014999E-11	3,00000000014994E-11	-0,000137930179295977
0,0596153846153846	-3,00000000014999E-11	3,00000000014995E-11	-0,00013805426133197
0,0615384615384615	-3,00000000014999E-11	3,00000000014996E-11	-0,000138423745645693
0,0634615384615385	-3,00000000014999E-11	3,00000000014997E-11	-0,000139029538039443
0,0653846153846154	-3,00000000014999E-11	3,00000000014998E-11	-0,000139856718866119
0,0673076923076923	-3,00000000014999E-11	3,00000000014999E-11	-0,00014088492101962
0,0692307692307692	-3,00000000014999E-11	3,00000000015E-11	-0,000142088827212881
0,0711538461538461	-3,00000000014999E-11	3,00000000015001E-11	-0,000143438792296392
0,073076923076923	-3,00000000014999E-11	3,00000000015002E-11	-0,000144901576557022
0,075	-3,00000000014999E-11	3,00000000015003E-11	-0,000146441161187807
0,0769230769230769	-3,00000000014999E-11	3,00000000015004E-11	-0,000148019636845363
0,0788461538461538	-3,00000000014999E-11	3,00000000015005E-11	-0,000149598135821343
0,0807692307692307	-3,00000000014999E-11	3,00000000015005E-11	-0,000151137790797974
0,0826923076923076	-3,00000000014999E-11	3,00000000015006E-11	-0,000152600689914046
0,0846153846153845	-3,00000000014999E-11	3,00000000015006E-11	-0,000153950810095179
0,0865384615384615	-3,00000000014999E-11	3,00000000015006E-11	-0,000155154909609112
0,0884615384615384	-3,00000000014999E-11	3,00000000015006E-11	-0,000156183338050306
0,0903846153846153	-3,00000000014999E-11	3,00000000015006E-11	-0,000157010772631306
0,0923076923076922	-3,00000000014999E-11	3,00000000015006E-11	-0,00015761683848831
0,0942307692307691	-3,00000000014999E-11	3,00000000015005E-11	-0,000157986614027859
0,096153846153846	-3,00000000014999E-11	3,00000000015005E-11	-0,000158110991337515
0,098076923076923	-3,00000000014999E-11	3,00000000015004E-11	-0,00015798690946141
0,0999999999999999	-3,00000000014999E-11	3,00000000015003E-11	-0,000157617424968969
0,101923076923077	-3,00000000014999E-11	3,00000000015002E-11	-0,000157011633602926
0,103846153846154	-3,00000000014999E-11	3,00000000015001E-11	-0,000156184451358893
0,105769230769231	-3,00000000014999E-11	3,00000000015E-11	-0,000155156250052398
0,107692307692308	-3,00000000014999E-11	3,00000000014999E-11	-0,000153952344156903
0,109615384615384	-3,00000000014999E-11	3,00000000014998E-11	-0,000152602378636866
0,111538461538461	-3,00000000014999E-11	3,00000000014997E-11	-0,000151139595064065
0,113461538461538	-3,00000000014999E-11	3,00000000014996E-11	-0,000149600008605359
0,115384615384615	-3,00000000014999E-11	3,00000000014995E-11	-0,000148021533242249
0,117307692307692	-3,00000000014999E-11	3,00000000014994E-11	-0,000146443034268082
0,119230769230769	-3,00000000014999E-11	3,00000000014994E-11	-0,000144903380825057
0,121153846153846	-3,00000000014999E-11	3,00000000014993E-11	-0,000143440482459914
0,123076923076923	-3,00000000014999E-11	3,00000000014993E-11	-0,000142090360108152
0,125	-3,00000000014999E-11	3,00000000014993E-11	-0,000140886261049843
0,126923076923077	-3,00000000014999E-11	3,00000000014993E-11	-0,000139857833454352
0,128846153846154	-3,00000000014999E-11	3,00000000014993E-11	-0,000139030398851014
0,130769230769231	-3,00000000014999E-11	3,00000000014993E-11	-0,000138424332720091
0,132692307692307	-3,00000000014999E-11	3,00000000014994E-11	-0,00013805455820581
0,134615384615384	-3,00000000014999E-11	3,00000000014994E-11	-0,000137930178290297
0,136538461538461	-3,00000000014999E-11	3,00000000014995E-11	-0,000138054260760151
0,138461538461538	-3,00000000014999E-11	3,00000000014996E-11	-0,000138423745805288
0,140384615384615	-3,00000000014999E-11	3,00000000014997E-11	-0,00013902953746739
0,142307692307692	-3,00000000014999E-11	3,00000000014998E-11	-0,000139856717723335
0,144230769230769	-3,00000000014999E-11	3,00000000014999E-11	-0,00014088492072223
0,146153846153846	-3,00000000014999E-11	3,00000000015E-11	-0,000142088826046728
0,148076923076923	-3,00000000014999E-11	3,00000000015001E-11	-0,000143438792433076
0,15	-3,00000000014999E-11	3,00000000015002E-11	-0,000144901577288124
0,151923076923077	-3,00000000014999E-11	3,00000000015003E-11	-0,000146441161736464
0,153846153846154	-3,00000000014999E-11	3,00000000015004E-11	-0,0001480196382619
0,15576923076923	-3,00000000014999E-11	3,00000000015005E-11	-0,000149598135661835
0,157692307692307	-3,00000000014999E-11	3,00000000015005E-11	-0,000151137790088322
0,159615384615384	-3,00000000014999E-11	3,00000000015006E-11	-0,00015260068961594
0,161538461538461	-3,00000000014999E-11	3,00000000015006E-11	-0,000153950809683222
0,163461538461538	-3,00000000014999E-11	3,00000000015006E-11	-0,000155154908330185
0,165384615384615	-3,00000000014999E-11	3,00000000015006E-11	-0,000156183337912482
0,167307692307692	-3,00000000014999E-11	3,00000000015006E-11	-0,00015701077322546
0,169230769230769	-3,00000000014999E-11	3,00000000015006E-11	-0,000157616838923209
0,171153846153846	-3,00000000014999E-11	3,00000000015005E-11	-0,000157986612998756
0,173076923076923	-3,00000000014999E-11	3,00000000015005E-11	-0,000158110992068509
0,175	-3,00000000014999E-11	3,00000000015004E-11	-0,00015798691001041
0,176923076923077	-3,00000000014999E-11	3,00000000015003E-11	-0,00015761742410033
0,178846153846153	-3,00000000014999E-11	3,00000000015002E-11	-0,000157011633740532
0,18076923076923	-3,00000000014999E-11	3,00000000015001E-11	-0,00015618445133588
0,182692307692307	-3,00000000014999E-11	3,00000000015E-11	-0,000155156249892372
0,184615384615384	-3,00000000014999E-11	3,00000000014999E-11	-0,000153952344727378
0,186538461538461	-3,00000000014999E-11	3,00000000014998E-11	-0,000152602378339278
0,188461538461538	-3,00000000014999E-11	3,00000000014997E-11	-0,000151139593625278
0,190384615384615	-3,00000000014999E-11	3,00000000014996E-11	-0,000149600009610627
0,192307692307692	-3,00000000014999E-11	3,00000000014995E-11	-0,000148021534682677
0,194230769230769	-3,00000000014999E-11	3,00000000014994E-11	-0,00014644303513707
0,196153846153846	-3,00000000014999E-11	3,00000000014994E-11	-0,000144903380390496
0,198076923076923	-3,00000000014999E-11	3,00000000014993E-11	-0,0001434404817271
0,2	-3,00000000014999E-11	3,00000000014993E-11	-0,000142090360976986
0,201923076923076	-3,00000000014999E-11	3,00000000014993E-11	-0,000140886261050971
0,203846153846153	-3,00000000014999E-11	3,00000000014993E-11	-0,00013985783272329
0,20576923076923	-3,00000000014999E-11	3,00000000014993E-11	-0,000139030398143274
0,207692307692307	-3,00000000014999E-11	3,00000000014993E-11	-0,000138424332582606
0,209615384615384	-3,00000000014999E-11	3,00000000014994E-11	-0,000138054557497474
0,211538461538461	-3,00000000014999E-11	3,00000000014994E-11	-0,000137930179296217
0,213461538461538	-3,00000000014999E-11	3,00000000014995E-11	-0,000138054259754412
0,215384615384615	-3,00000000014999E-11	3,00000000014996E-11	-0,000138423746101947
0,217307692307692	-3,00000000014999E-11	3,00000000014997E-11	-0,000139029538634347
0,219230769230769	-3,00000000014999E-11	3,00000000014998E-11	-0,000139856718592184
0,221153846153846	-3,00000000014999E-11	3,00000000014999E-11	-0,000140884920424093
0,223076923076922	-3,00000000014999E-11	3,00000000015E-11	-0,00014208882648127
0,224999999999999	-3,00000000014999E-11	3,00000000015001E-11	-0,000143438793302162
0,226923076923076	-3,00000000014999E-11	3,00000000015002E-11	-0,000144901576876363
0,228846153846153	-3,00000000014999E-11	3,00000000015003E-11	-0,000146441161896676
0,23076923076923	-3,00000000014999E-11	3,00000000015004E-11	-0,000148019637690219
0,232692307692307	-3,00000000014999E-11	3,00000000015005E-11	-0,000149598135090922
0,234615384615384	-3,00000000014999E-11	3,00000000015005E-11	-0,000151137790385628
0,236538461538461	-3,00000000014999E-11	3,00000000015006E-11	-0,000152600689752948
0,238461538461538	-3,00000000014999E-11	3,00000000015006E-11	-0,000153950809957187
0,240384615384615	-3,00000000014999E-11	3,00000000015006E-11	-0,00015515491004416
0,242307692307692	-3,00000000014999E-11	3,00000000015006E-11	-0,000156183338483568
0,244230769230769	-3,00000000014999E-11	3,00000000015006E-11	-0,000157010773499976
0,246153846153846	-3,00000000014999E-11	3,00000000015006E-11	-0,000157616838785558
0,248076923076922	-3,00000000014999E-11	3,00000000015005E-11	-0,00015798661400579
0,249999999999999	-3,00000000014999E-11	3,00000000015005E-11	-0,000158110991496938
0,251923076923076	-3,00000000014999E-11	3,00000000015004E-11	-0,000157986909438691
0,253846153846153	-3,00000000014999E-11	3,00000000015003E-11	-0,000157617424260291
0,25576923076923	-3,00000000014999E-11	3,00000000015002E-11	-0,00015701163517992
0,257692307692307	-3,00000000014999E-11	3,00000000015001E-11	-0,000156184452776461
0,259615384615384	-3,00000000014999E-11	3,00000000015E-11	-0,000155156250647031
0,261538461538461	-3,00000000014999E-11	3,00000000014999E-11	-0,000153952343286681
0,263461538461538	-3,00000000014999E-11	3,00000000014998E-11	-0,000152602378637523
0,265384615384615	-3,00000000014999E-11	3,00000000014997E-11	-0,000151139594037049
0,267307692307692	-3,00000000014999E-11	3,00000000014996E-11	-0,000149600009039843
0,269230769230769	-3,00000000014999E-11	3,00000000014995E-11	-0,00014802153397313
0,271153846153845	-3,00000000014999E-11	3,00000000014994E-11	-0,00014644303527346
0,273076923076922	-3,00000000014999E-11	3,00000000014994E-11	-0,0001449033798208
0,274999999999999	-3,00000000014999E-11	3,00000000014993E-11	-0,000143440482024105
0,276923076923076	-3,00000000014999E-11	3,00000000014993E-11	-0,000142090360976337
0,278846153846153	-3,00000000014999E-11	3,00000000014993E-11	-0,000140886261484883
0,28076923076923	-3,00000000014999E-11	3,00000000014993E-11	-0,000139857832586103
0,282692307692307	-3,00000000014999E-11	3,00000000014993E-11	-0,000139030399445535
0,284615384615384	-3,00000000014999E-11	3,00000000014993E-11	-0,000138424332308527
0,286538461538461	-3,00000000014999E-11	3,00000000014994E-11	-0,000138054557931394
0,288461538461538	-3,00000000014999E-11	3,00000000014994E-11	-0,000137930180164597
0,290384615384615	-3,00000000014999E-11	3,00000000014995E-11	-0,000138054261903236
0,292307692307692	-3,00000000014999E-11	3,00000000014996E-11	-0,000138423746377346
0,294230769230768	-3,00000000014999E-11	3,00000000014997E-11	-0,000139029537764927
0,296153846153845	-3,00000000014999E-11	3,00000000014998E-11	-0,000139856717883225
0,298076923076922	-3,00000000014999E-11	3,00000000014999E-11	-0,000140884922001551
0,299999999999999	-3,00000000014999E-11	3,00000000015E-11	-0,000142088825772511
0,301923076923076	-3,00000000014999E-11	3,00000000015001E-11	-0,000143438792021717
0,303846153846153	-3,00000000014999E-11	3,00000000015002E-11	-0,000144901577288825
0,30576923076923	-3,00000000014999E-11	3,00000000015003E-11	-0,000146441162329815
0,307692307692307	-3,00000000014999E-11	3,00000000015004E-11	-0,000148019637531526
0,309615384615384	-3,00000000014999E-11	3,00000000015005E-11	-0,000149598136666885
0,311538461538461	-3,00000000014999E-11	3,00000000015005E-11	-0,000151137790385641
0,313461538461538	-3,00000000014999E-11	3,00000000015006E-11	-0,000152600690049852
0,315384615384614	-3,00000000014999E-11	3,00000000015006E-11	-0,000153950811260181
0,317307692307691	-3,00000000014999E-11	3,00000000015006E-11	-0,000155154910181054
0,319230769230768	-3,00000000014999E-11	3,00000000015006E-11	-0,000156183338347469
0,321153846153845	-3,00000000014999E-11	3,00000000015006E-11	-0,000157010772334128
0,323076923076922	-3,00000000014999E-11	3,00000000015006E-11	-0,000157616837483336
0,324999999999999	-3,00000000014999E-11	3,00000000015005E-11	-0,000157986612565637
0,326923076923076	-3,00000000014999E-11	3,00000000015005E-11	-0,000158110992068678
0,328846153846153	-3,00000000014999E-11	3,00000000015004E-11	-0,000157986910033667
0,33076923076923	-3,00000000014999E-11	3,00000000015003E-11	-0,000157617425105706
0,332692307692307	-3,00000000014999E-11	3,00000000015002E-11	-0,00015701163330595
0,334615384615384	-3,00000000014999E-11	3,00000000015001E-11	-0,000156184452342258
0,336538461538461	-3,00000000014999E-11	3,00000000015E-11	-0,000155156250486687
0,338461538461537	-3,00000000014999E-11	3,00000000014999E-11	-0,000153952344430269
0,340384615384614	-3,00000000014999E-11	3,00000000014998E-11	-0,000152602377791349
0,342307692307691	-3,00000000014999E-11	3,00000000014997E-11	-0,000151139595933052
0,344230769230768	-3,00000000014999E-11	3,00000000014996E-11	-0,000149600009337058
0,346153846153845	-3,00000000014999E-11	3,00000000014995E-11	-0,000148021533539927
0,348076923076922	-3,00000000014999E-11	3,00000000014994E-11	-0,00014644303440503
0,349999999999999	-3,00000000014999E-11	3,00000000014994E-11	-0,000144903381122521
0,351923076923076	-3,00000000014999E-11	3,00000000014993E-11	-0,000143440482482847
0,353846153846153	-3,00000000014999E-11	3,00000000014993E-11	-0,000142090360245099
0,35576923076923	-3,00000000014999E-11	3,00000000014993E-11	-0,00014088626146198
0,357692307692307	-3,00000000014999E-11	3,00000000014993E-11	-0,000139857831716985
0,359615384615384	-3,00000000014999E-11	3,00000000014993E-11	-0,000139030398737027
0,36153846153846	-3,00000000014999E-11	3,00000000014993E-11	-0,000138424332308294
0,363461538461537	-3,00000000014999E-11	3,00000000014994E-11	-0,000138054557496956
0,365384615384614	-3,00000000014999E-11	3,00000000014994E-11	-0,000137930179456339
0,367307692307691	-3,00000000014999E-11	3,00000000014995E-11	-0,000138054259754382
0,369230769230768	-3,00000000014999E-11	3,00000000014996E-11	-0,000138423745805406
0,371153846153845	-3,00000000014999E-11	3,00000000014997E-11	-0,000139029537467503
0,373076923076922	-3,00000000014999E-11	3,00000000014998E-11	-0,000139856717860444
0,374999999999999	-3,00000000014999E-11	3,00000000014999E-11	-0,000140884921453725
0,376923076923076	-3,00000000014999E-11	3,00000000015E-11	-0,000142088826641117
0,378846153846153	-3,00000000014999E-11	3,00000000015001E-11	-0,000143438793576385
0,38076923076923	-3,00000000014999E-11	3,00000000015002E-11	-0,000144901577288263
0,382692307692307	-3,00000000014999E-11	3,00000000015003E-11	-0,000146441161462901
0,384615384615383	-3,00000000014999E-11	3,00000000015004E-11	-0,000148019637256656
0,38653846153846	-3,00000000014999E-11	3,00000000015005E-11	-0,000149598135662358
0,388461538461537	-3,00000000014999E-11	3,00000000015005E-11	-0,000151137791230874
0,390384615384614	-3,00000000014999E-11	3,00000000015006E-11	-0,000152600688769801
0,392307692307691	-3,00000000014999E-11	3,00000000015006E-11	-0,000153950810117779
0,394230769230768	-3,00000000014999E-11	3,00000000015006E-11	-0,000155154909884376
0,396153846153845	-3,00000000014999E-11	3,00000000015006E-11	-0,000156183338758503
0,398076923076922	-3,00000000014999E-11	3,00000000015006E-11	-0,000157010774070867
0,399999999999999	-3,00000000014999E-11	3,00000000015006E-11	-0,000157616839335047
0,401923076923076	-3,00000000014999E-11	3,00000000015005E-11	-0,000157986612998737
0,403846153846153	-3,00000000014999E-11	3,00000000015005E-11	-0,000158110990766625
0,40576923076923	-3,00000000014999E-11	3,00000000015004E-11	-0,000157986909873191
0,407692307692306	-3,00000000014999E-11	3,00000000015003E-11	-0,000157617425128097
0,409615384615383	-3,00000000014999E-11	3,00000000015002E-11	-0,000157011633900081
0,41153846153846	-3,00000000014999E-11	3,00000000015001E-11	-0,000156184452776362
0,413461538461537	-3,00000000014999E-11	3,00000000015E-11	-0,000155156251195192
0,415384615384614	-3,00000000014999E-11	3,00000000014999E-11	-0,000153952344292492
0,417307692307691	-3,00000000014999E-11	3,00000000014998E-11	-0,00015260237907141
0,419230769230768	-3,00000000014999E-11	3,00000000014997E-11	-0,000151139592619942
0,421153846153845	-3,00000000014999E-11	3,00000000014996E-11	-0,000149600008032951
0,423076923076922	-3,00000000014999E-11	3,00000000014995E-11	-0,000148021533676703
0,424999999999999	-3,00000000014999E-11	3,00000000014994E-11	-0,000146443035136537
0,426923076923076	-3,00000000014999E-11	3,00000000014994E-11	-0,00014490337995699
0,428846153846153	-3,00000000014999E-11	3,00000000014993E-11	-0,000143440482299614
0,430769230769229	-3,00000000014999E-11	3,00000000014993E-11	-0,000142090359833264
0,432692307692306	-3,00000000014999E-11	3,00000000014993E-11	-0,000140886261188632
0,434615384615383	-3,00000000014999E-11	3,00000000014993E-11	-0,000139857833157585
0,43653846153846	-3,00000000014999E-11	3,00000000014993E-11	-0,000139030399011137
0,438461538461537	-3,00000000014999E-11	3,00000000014993E-11	-0,000138424332879649
0,440384615384614	-3,00000000014999E-11	3,00000000014994E-11	-0,000138054557359902
0,442307692307691	-3,00000000014999E-11	3,00000000014994E-11	-0,000137930179455904
0,444230769230768	-3,00000000014999E-11	3,00000000014995E-11	-0,000138054260760325
0,446153846153845	-3,00000000014999E-11	3,00000000014996E-11	-0,000138423745508379
0,448076923076922	-3,00000000014999E-11	3,00000000014997E-11	-0,000139029537467521
0,449999999999999	-3,00000000014999E-11	3,00000000014998E-11	-0,00013985671843226
0,451923076923076	-3,00000000014999E-11	3,00000000014999E-11	-0,00014088492232197
0,453846153846152	-3,00000000014999E-11	3,00000000015E-11	-0,000142088826916186
0,455769230769229	-3,00000000014999E-11	3,00000000015001E-11	-0,000143438791998644
0,457692307692306	-3,00000000014999E-11	3,00000000015002E-11	-0,00014490157671741
0,459615384615383	-3,00000000014999E-11	3,00000000015003E-11	-0,000146441161759218
0,46153846153846	-3,00000000014999E-11	3,00000000015004E-11	-0,000148019636821598
0,463461538461537	-3,00000000014999E-11	3,00000000015005E-11	-0,000149598136667526
0,465384615384614	-3,00000000014999E-11	3,00000000015005E-11	-0,000151137790956834
0,467307692307691	-3,00000000014999E-11	3,00000000015006E-11	-0,000152600689341347
0,469230769230768	-3,00000000014999E-11	3,00000000015006E-11	-0,000153950809248913
0,471153846153845	-3,00000000014999E-11	3,00000000015006E-11	-0,000155154909175366
0,473076923076922	-3,00000000014999E-11	3,00000000015006E-11	-0,000156183338051099
0,474999999999999	-3,00000000014999E-11	3,00000000015006E-11	-0,000157010772494585
0,476923076923075	-3,00000000014999E-11	3,00000000015006E-11	-0,000157616839059419
0,478846153846152	-3,00000000014999E-11	3,00000000015005E-11	-0,000157986613296571
0,480769230769229	-3,00000000014999E-11	3,00000000015005E-11	-0,000158110991634479
0,482692307692306	-3,00000000014999E-11	3,00000000015004E-11	-0,000157986910307264
0,484615384615383	-3,00000000014999E-11	3,00000000015003E-11	-0,00015761742439814
0,48653846153846	-3,00000000014999E-11	3,00000000015002E-11	-0,000157011634036831
0,488461538461537	-3,00000000014999E-11	3,00000000015001E-11	-0,000156184452342156
0,490384615384614	-3,00000000014999E-11	3,00000000015E-11	-0,0001551562493436
0,492307692307691	-3,00000000014999E-11	3,00000000014999E-11	-0,000153952344727026
0,494230769230768	-3,00000000014999E-11	3,00000000014998E-11	-0,000152602379209515
0,496153846153845	-3,00000000014999E-11	3,00000000014997E-11	-0,0001511395940588
0,498076923076922	-3,00000000014999E-11	3,00000000014996E-11	-0,000149600009473837
0,499999999999998	-3,00000000014999E-11	3,00000000014995E-11	-0,000148021533242562
0,501923076923075	-3,00000000014999E-11	3,00000000014994E-11	-0,000146443034542948
0,503846153846152	-3,00000000014999E-11	3,00000000014994E-11	-0,000144903380825626
0,505769230769229	-3,00000000014999E-11	3,00000000014993E-11	-0,00014344048248244
0,507692307692306	-3,00000000014999E-11	3,00000000014993E-11	-0,000142090360541648
0,509615384615383	-3,00000000014999E-11	3,00000000014993E-11	-0,000140886262331109
0,51153846153846	-3,00000000014999E-11	3,00000000014993E-11	-0,000139857833180905
0,513461538461537	-3,00000000014999E-11	3,00000000014993E-11	-0,000139030399285617
0,515384615384614	-3,00000000014999E-11	3,00000000014993E-11	-0,00013842433230831
0,517307692307691	-3,00000000014999E-11	3,00000000014994E-11	-0,000138054557359994
0,519230769230768	-3,00000000014999E-11	3,00000000014994E-11	-0,000137930179158811
0,521153846153845	-3,00000000014999E-11	3,00000000014995E-11	-0,000138054260189052
0,523076923076921	-3,00000000014999E-11	3,00000000014996E-11	-0,000138423745942422
0,524999999999998	-3,00000000014999E-11	3,00000000014997E-11	-0,000139029537764781
0,526923076923075	-3,00000000014999E-11	3,00000000014998E-11	-0,000139856718866769
0,528846153846152	-3,00000000014999E-11	3,00000000014999E-11	-0,00014088492188787
0,530769230769229	-3,00000000014999E-11	3,00000000015E-11	-0,000142088826778274
0,532692307692306	-3,00000000014999E-11	3,00000000015001E-11	-0,000143438792570395
0,534615384615383	-3,00000000014999E-11	3,00000000015002E-11	-0,000144901577151268
0,53653846153846	-3,00000000014999E-11	3,00000000015003E-11	-0,000146441162765517
0,538461538461537	-3,00000000014999E-11	3,00000000015004E-11	-0,000148019638125252
0,540384615384614	-3,00000000014999E-11	3,00000000015005E-11	-0,000149598135821723
0,542307692307691	-3,00000000014999E-11	3,00000000015005E-11	-0,000151137789654745
0,544230769230767	-3,00000000014999E-11	3,00000000015006E-11	-0,000152600690347505
0,546153846153844	-3,00000000014999E-11	3,00000000015006E-11	-0,000153950810825845
0,548076923076921	-3,00000000014999E-11	3,00000000015006E-11	-0,000155154909472214
0,549999999999998	-3,00000000014999E-11	3,00000000015006E-11	-0,000156183338621821
0,551923076923075	-3,00000000014999E-11	3,00000000015006E-11	-0,000157010772791548
0,553846153846152	-3,00000000014999E-11	3,00000000015006E-11	-0,000157616839220153
0,555769230769229	-3,00000000014999E-11	3,00000000015005E-11	-0,000157986612862497
0,557692307692306	-3,00000000014999E-11	3,00000000015005E-11	-0,000158110991771443
0,559615384615383	-3,00000000014999E-11	3,00000000015004E-11	-0,000157986910169313
0,56153846153846	-3,00000000014999E-11	3,00000000015003E-11	-0,000157617424398107
0,563461538461537	-3,00000000014999E-11	3,00000000015002E-11	-0,000157011633762861
0,565384615384614	-3,00000000014999E-11	3,00000000015001E-11	-0,000156184452341835
0,56730769230769	-3,00000000014999E-11	3,00000000015E-11	-0,000155156249343395
0,569230769230767	-3,00000000014999E-11	3,00000000014999E-11	-0,000153952343996146
0,571153846153844	-3,00000000014999E-11	3,00000000014998E-11	-0,000152602378796526
0,573076923076921	-3,00000000014999E-11	3,00000000014997E-11	-0,000151139594059431
0,574999999999998	-3,00000000014999E-11	3,00000000014996E-11	-0,00014960000919919
0,576923076923075	-3,00000000014999E-11	3,00000000014995E-11	-0,000148021532099965
0,578846153846152	-3,00000000014999E-11	3,00000000014994E-11	-0,000146443035571081
0,580769230769229	-3,00000000014999E-11	3,00000000014994E-11	-0,000144903379386101
0,582692307692306	-3,00000000014999E-11	3,00000000014993E-11	-0,000143440481590828
0,584615384615383	-3,00000000014999E-11	3,00000000014993E-11	-0,000142090359969981
0,58653846153846	-3,00000000014999E-11	3,00000000014993E-11	-0,000140886261188201
0,588461538461537	-3,00000000014999E-11	3,00000000014993E-11	-0,000139857832312848
0,590384615384614	-3,00000000014999E-11	3,00000000014993E-11	-0,000139030398576226
0,59230769230769	-3,00000000014999E-11	3,00000000014993E-11	-0,000138424333314135
0,594230769230767	-3,00000000014999E-11	3,00000000014994E-11	-0,000138054557634048
0,596153846153844	-3,00000000014999E-11	3,00000000014994E-11	-0,000137930179594133
0,598076923076921	-3,00000000014999E-11	3,00000000014995E-11	-0,000138054260624147
0,599999999999998	-3,00000000014999E-11	3,00000000014996E-11	-0,000138423746514769
0,601923076923075	-3,00000000014999E-11	3,00000000014997E-11	-0,000139029538336119
0,603846153846152	-3,00000000014999E-11	3,00000000014998E-11	-0,000139856718866858
0,605769230769229	-3,00000000014999E-11	3,00000000014999E-11	-0,000140884921019003
0,607692307692306	-3,00000000014999E-11	3,00000000015E-11	-0,000142088827212227
0,609615384615383	-3,00000000014999E-11	3,00000000015001E-11	-0,000143438793576286
0,61153846153846	-3,00000000014999E-11	3,00000000015002E-11	-0,000144901576716686
0,613461538461537	-3,00000000014999E-11	3,00000000015003E-11	-0,000146441161759468
0,615384615384613	-3,00000000014999E-11	3,00000000015004E-11	-0,000148019637119474
0,61730769230769	-3,00000000014999E-11	3,00000000015005E-11	-0,000149598136530363
0,619230769230767	-3,00000000014999E-11	3,00000000015005E-11	-0,000151137790385218
0,621153846153844	-3,00000000014999E-11	3,00000000015006E-11	-0,000152600688747189
0,623076923076921	-3,00000000014999E-11	3,00000000015006E-11	-0,000153950810232026
0,624999999999998	-3,00000000014999E-11	3,00000000015006E-11	-0,000155154910044238
0,626923076923075	-3,00000000014999E-11	3,00000000015006E-11	-0,000156183338325171
0,628846153846152	-3,00000000014999E-11	3,00000000015006E-11	-0,000157010773500136
0,630769230769229	-3,00000000014999E-11	3,00000000015006E-11	-0,000157616838762566
0,632692307692306	-3,00000000014999E-11	3,00000000015005E-11	-0,000157986614439228
0,634615384615383	-3,00000000014999E-11	3,00000000015005E-11	-0,000158110991634504
0,63653846153846	-3,00000000014999E-11	3,00000000015004E-11	-0,000157986910010325
0,638461538461536	-3,00000000014999E-11	3,00000000015003E-11	-0,000157617424282852
0,640384615384613	-3,00000000014999E-11	3,00000000015002E-11	-0,000157011632893918
0,64230769230769	-3,00000000014999E-11	3,00000000015001E-11	-0,000156184453073308
0,644230769230767	-3,00000000014999E-11	3,00000000015E-11	-0,00015515625005235
0,646153846153844	-3,00000000014999E-11	3,00000000014999E-11	-0,00015395234472742
0,648076923076921	-3,00000000014999E-11	3,00000000014998E-11	-0,000152602378522882
0,649999999999998	-3,00000000014999E-11	3,00000000014997E-11	-0,000151139595202624
0,651923076923075	-3,00000000014999E-11	3,00000000014996E-11	-0,000149600009611237
0,653846153846152	-3,00000000014999E-11	3,00000000014995E-11	-0,000148021533676899
0,655769230769229	-3,00000000014999E-11	3,00000000014994E-11	-0,000146443034565068
0,657692307692306	-3,00000000014999E-11	3,00000000014994E-11	-0,000144903380276809
0,659615384615383	-3,00000000014999E-11	3,00000000014993E-11	-0,000143440483190684
0,661538461538459	-3,00000000014999E-11	3,00000000014993E-11	-0,000142090361113354
0,663461538461536	-3,00000000014999E-11	3,00000000014993E-11	-0,000140886261759324
0,665384615384613	-3,00000000014999E-11	3,00000000014993E-11	-0,000139857833157325
0,66730769230769	-3,00000000014999E-11	3,00000000014993E-11	-0,000139030398851204
0,669230769230767	-3,00000000014999E-11	3,00000000014993E-11	-0,000138424333725518
0,671153846153844	-3,00000000014999E-11	3,00000000014994E-11	-0,000138054557474241
0,673076923076921	-3,00000000014999E-11	3,00000000014994E-11	-0,000137930179433306
0,674999999999998	-3,00000000014999E-11	3,00000000014995E-11	-0,000138054261628885
0,676923076923075	-3,00000000014999E-11	3,00000000014996E-11	-0,000138423746673213
0,678846153846152	-3,00000000014999E-11	3,00000000014997E-11	-0,000139029538473414
0,680769230769229	-3,00000000014999E-11	3,00000000014998E-11	-0,000139856717860278
0,682692307692306	-3,00000000014999E-11	3,00000000014999E-11	-0,000140884920012819
0,684615384615382	-3,00000000014999E-11	3,00000000015E-11	-0,000142088827212589
0,686538461538459	-3,00000000014999E-11	3,00000000015001E-11	-0,000143438792868551
0,688461538461536	-3,00000000014999E-11	3,00000000015002E-11	-0,000144901576853189
0,690384615384613	-3,00000000014999E-11	3,00000000015003E-11	-0,000146441161462234
0,69230769230769	-3,00000000014999E-11	3,00000000015004E-11	-0,000148019636822232
0,694230769230767	-3,00000000014999E-11	3,00000000015005E-11	-0,000149598135502419
0,696153846153844	-3,00000000014999E-11	3,00000000015005E-11	-0,000151137790226153
0,698076923076921	-3,00000000014999E-11	3,00000000015006E-11	-0,000152600689204576
0,699999999999998	-3,00000000014999E-11	3,00000000015006E-11	-0,000153950810254164
0,701923076923075	-3,00000000014999E-11	3,00000000015006E-11	-0,000155154910477965
0,703846153846152	-3,00000000014999E-11	3,00000000015006E-11	-0,000156183338050925
0,705769230769229	-3,00000000014999E-11	3,00000000015006E-11	-0,000157010773362261
0,707692307692305	-3,00000000014999E-11	3,00000000015006E-11	-0,000157616838352059
0,709615384615382	-3,00000000014999E-11	3,00000000015005E-11	-0,000157986612998866
0,711538461538459	-3,00000000014999E-11	3,00000000015005E-11	-0,000158110991932128
0,713461538461536	-3,00000000014999E-11	3,00000000015004E-11	-0,000157986909735792
0,715384615384613	-3,00000000014999E-11	3,00000000015003E-11	-0,000157617424282678
0,71730769230769	-3,00000000014999E-11	3,00000000015002E-11	-0,00015701163316849
0,719230769230767	-3,00000000014999E-11	3,00000000015001E-11	-0,000156184451336953
0,721153846153844	-3,00000000014999E-11	3,00000000015E-11	-0,000155156250052112
0,723076923076921	-3,00000000014999E-11	3,00000000014999E-11	-0,000153952344430226
0,724999999999998	-3,00000000014999E-11	3,00000000014998E-11	-0,000152602378361435
0,726923076923075	-3,00000000014999E-11	3,00000000014997E-11	-0,000151139594196566
0,728846153846151	-3,00000000014999E-11	3,00000000014996E-11	-0,000149600009770689
0,730769230769228	-3,00000000014999E-11	3,00000000014995E-11	-0,000148021534248196
0,732692307692305	-3,00000000014999E-11	3,00000000014994E-11	-0,000146443035136687
0,734615384615382	-3,00000000014999E-11	3,00000000014994E-11	-0,000144903380550856
0,736538461538459	-3,00000000014999E-11	3,00000000014993E-11	-0,000143440482162994
0,738461538461536	-3,00000000014999E-11	3,00000000014993E-11	-0,000142090360404998
0,740384615384613	-3,00000000014999E-11	3,00000000014993E-11	-0,000140886260478632
0,74230769230769	-3,00000000014999E-11	3,00000000014993E-11	-0,000139857831717516
0,744230769230767	-3,00000000014999E-11	3,00000000014993E-11	-0,000139030398988342
0,746153846153844	-3,00000000014999E-11	3,00000000014993E-11	-0,000138424333176976
0,748076923076921	-3,00000000014999E-11	3,00000000014994E-11	-0,000138054556629584
0,749999999999998	-3,00000000014999E-11	3,00000000014994E-11	-0,000137930179158573
0,751923076923074	-3,00000000014999E-11	3,00000000014995E-11	-0,000138054259617435
0,753846153846151	-3,00000000014999E-11	3,00000000014996E-11	-0,000138423747245359
0,755769230769228	-3,00000000014999E-11	3,00000000014997E-11	-0,000139029537467718
0,757692307692305	-3,00000000014999E-11	3,00000000014998E-11	-0,000139856718020675
0,759615384615382	-3,00000000014999E-11	3,00000000014999E-11	-0,000140884920447126
0,761538461538459	-3,00000000014999E-11	3,00000000015E-11	-0,000142088826640947
0,763461538461536	-3,00000000014999E-11	3,00000000015001E-11	-0,000143438792730605
0,765384615384613	-3,00000000014999E-11	3,00000000015002E-11	-0,000144901577722394
0,76730769230769	-3,00000000014999E-11	3,00000000015003E-11	-0,000146441161325473
0,769230769230767	-3,00000000014999E-11	3,00000000015004E-11	-0,000148019636388104
0,771153846153844	-3,00000000014999E-11	3,00000000015005E-11	-0,000149598135798828
0,773076923076921	-3,00000000014999E-11	3,00000000015005E-11	-0,00015113778995181
0,774999999999997	-3,00000000014999E-11	3,00000000015006E-11	-0,000152600689478487
0,776923076923074	-3,00000000014999E-11	3,00000000015006E-11	-0,000153950809248554
0,778846153846151	-3,00000000014999E-11	3,00000000015006E-11	-0,000155154909038072
0,780769230769228	-3,00000000014999E-11	3,00000000015006E-11	-0,000156183338187096
0,782692307692305	-3,00000000014999E-11	3,00000000015006E-11	-0,000157010772356767
0,784615384615382	-3,00000000014999E-11	3,00000000015006E-11	-0,000157616838329069
0,786538461538459	-3,00000000014999E-11	3,00000000015005E-11	-0,000157986612427391
0,788461538461536	-3,00000000014999E-11	3,00000000015005E-11	-0,000158110992068645
0,790384615384613	-3,00000000014999E-11	3,00000000015004E-11	-0,000157986910307062
0,79230769230769	-3,00000000014999E-11	3,00000000015003E-11	-0,000157617424969316
0,794230769230767	-3,00000000014999E-11	3,00000000015002E-11	-0,000157011634311679
0,796153846153844	-3,00000000014999E-11	3,00000000015001E-11	-0,000156184452204429
0,79807692307692	-3,00000000014999E-11	3,00000000015E-11	-0,000155156251354473
0,799999999999997	-3,00000000014999E-11	3,00000000014999E-11	-0,000153952345139334
0,801923076923074	-3,00000000014999E-11	3,00000000014998E-11	-0,000152602378796345
0,803846153846151	-3,00000000014999E-11	3,00000000014997E-11	-0,000151139594630314
0,805769230769228	-3,00000000014999E-11	3,00000000014996E-11	-0,000149600009634456
0,807692307692305	-3,00000000014999E-11	3,00000000014995E-11	-0,000148021533242283
0,809615384615382	-3,00000000014999E-11	3,00000000014994E-11	-0,000146443034862448
0,811538461538459	-3,00000000014999E-11	3,00000000014994E-11	-0,000144903380253401
0,813461538461536	-3,00000000014999E-11	3,00000000014993E-11	-0,000143440482025099
0,815384615384613	-3,00000000014999E-11	3,00000000014993E-11	-0,000142090360541674
0,81730769230769	-3,00000000014999E-11	3,00000000014993E-11	-0,00014088626191941
0,819230769230767	-3,00000000014999E-11	3,00000000014993E-11	-0,000139857833454718
0,821153846153843	-3,00000000014999E-11	3,00000000014993E-11	-0,000139030398713924
0,82307692307692	-3,00000000014999E-11	3,00000000014993E-11	-0,000138424333154548
0,824999999999997	-3,00000000014999E-11	3,00000000014994E-11	-0,000138054557931434
0,826923076923074	-3,00000000014999E-11	3,00000000014994E-11	-0,00013793017945563
0,828846153846151	-3,00000000014999E-11	3,00000000014995E-11	-0,000138054261057397
0,830769230769228	-3,00000000014999E-11	3,00000000014996E-11	-0,000138423746354777
0,832692307692305	-3,00000000014999E-11	3,00000000014997E-11	-0,000139029537902806
0,834615384615382	-3,00000000014999E-11	3,00000000014998E-11	-0,000139856718729615
0,836538461538459	-3,00000000014999E-11	3,00000000014999E-11	-0,000140884920150005
0,838461538461536	-3,00000000014999E-11	3,00000000015E-11	-0,000142088825772861
0,840384615384613	-3,00000000014999E-11	3,00000000015001E-11	-0,000143438793004009
0,84230769230769	-3,00000000014999E-11	3,00000000015002E-11	-0,000144901577150803
0,844230769230766	-3,00000000014999E-11	3,00000000015003E-11	-0,000146441162468306
0,846153846153843	-3,00000000014999E-11	3,00000000015004E-11	-0,000148019638125463
0,84807692307692	-3,00000000014999E-11	3,00000000015005E-11	-0,000149598135959339
0,849999999999997	-3,00000000014999E-11	3,00000000015005E-11	-0,000151137790248617
0,851923076923074	-3,00000000014999E-11	3,00000000015006E-11	-0,000152600689913019
0,853846153846151	-3,00000000014999E-11	3,00000000015006E-11	-0,000153950809546015
0,855769230769228	-3,00000000014999E-11	3,00000000015006E-11	-0,000155154909609423
0,857692307692305	-3,00000000014999E-11	3,00000000015006E-11	-0,000156183337181827
0,859615384615382	-3,00000000014999E-11	3,00000000015006E-11	-0,000157010772494493
0,861538461538459	-3,00000000014999E-11	3,00000000015006E-11	-0,000157616838213448
0,863461538461536	-3,00000000014999E-11	3,00000000015005E-11	-0,000157986612291611
0,865384615384612	-3,00000000014999E-11	3,00000000015005E-11	-0,000158110990902536
0,867307692307689	-3,00000000014999E-11	3,00000000015004E-11	-0,000157986909598036
0,869230769230766	-3,00000000014999E-11	3,00000000015003E-11	-0,000157617424260251
0,871153846153843	-3,00000000014999E-11	3,00000000015002E-11	-0,000157011633900262
0,87307692307692	-3,00000000014999E-11	3,00000000015001E-11	-0,000156184453370366
0,874999999999997	-3,00000000014999E-11	3,00000000015E-11	-0,000155156250052439
0,876923076923074	-3,00000000014999E-11	3,00000000014999E-11	-0,000153952344727688
0,878846153846151	-3,00000000014999E-11	3,00000000014998E-11	-0,000152602378362585
0,880769230769228	-3,00000000014999E-11	3,00000000014997E-11	-0,000151139593624519
0,882692307692305	-3,00000000014999E-11	3,00000000014996E-11	-0,000149600009177077
0,884615384615382	-3,00000000014999E-11	3,00000000014995E-11	-0,000148021533379579
0,886538461538459	-3,00000000014999E-11	3,00000000014994E-11	-0,000146443035845572
0,888461538461535	-3,00000000014999E-11	3,00000000014994E-11	-0,000144903381396783
0,890384615384612	-3,00000000014999E-11	3,00000000014993E-11	-0,000143440481590588
0,892307692307689	-3,00000000014999E-11	3,00000000014993E-11	-0,000142090360108308
0,894230769230766	-3,00000000014999E-11	3,00000000014993E-11	-0,000140886261049567
0,896153846153843	-3,00000000014999E-11	3,00000000014993E-11	-0,000139857832586024
0,89807692307692	-3,00000000014999E-11	3,00000000014993E-11	-0,000139030398576807
0,899999999999997	-3,00000000014999E-11	3,00000000014993E-11	-0,000138424332719391
0,901923076923074	-3,00000000014999E-11	3,00000000014994E-11	-0,000138054557795058
0,903846153846151	-3,00000000014999E-11	3,00000000014994E-11	-0,000137930180165027
0,905769230769228	-3,00000000014999E-11	3,00000000014995E-11	-0,000138054261193811
0,907692307692305	-3,00000000014999E-11	3,00000000014996E-11	-0,000138423746377204
0,909615384615382	-3,00000000014999E-11	3,00000000014997E-11	-0,000139029537467513
0,911538461538458	-3,00000000014999E-11	3,00000000014998E-11	-0,000139856717859806
0,913461538461535	-3,00000000014999E-11	3,00000000014999E-11	-0,000140884919875876
0,915384615384612	-3,00000000014999E-11	3,00000000015E-11	-0,000142088826641046
0,917307692307689	-3,00000000014999E-11	3,00000000015001E-11	-0,000143438792570769
0,919230769230766	-3,00000000014999E-11	3,00000000015002E-11	-0,000144901576716468
0,921153846153843	-3,00000000014999E-11	3,00000000015003E-11	-0,000146441161897029
0,92307692307692	-3,00000000014999E-11	3,00000000015004E-11	-0,00014801963711983
0,924999999999997	-3,00000000014999E-11	3,00000000015005E-11	-0,000149598135959508
0,926923076923074	-3,00000000014999E-11	3,00000000015005E-11	-0,000151137791368871
0,928846153846151	-3,00000000014999E-11	3,00000000015006E-11	-0,000152600689776081
0,930769230769228	-3,00000000014999E-11	3,00000000015006E-11	-0,000153950809682161
0,932692307692305	-3,00000000014999E-11	3,00000000015006E-11	-0,00015515490974753
0,934615384615382	-3,00000000014999E-11	3,00000000015006E-11	-0,00015618333791196
0,936538461538458	-3,00000000014999E-11	3,00000000015006E-11	-0,000157010772356504
0,938461538461535	-3,00000000014999E-11	3,00000000015006E-11	-0,000157616838191738
0,940384615384612	-3,00000000014999E-11	3,00000000015005E-11	-0,00015798661215319
0,942307692307689	-3,00000000014999E-11	3,00000000015005E-11	-0,000158110991199989
0,944230769230766	-3,00000000014999E-11	3,00000000015004E-11	-0,000157986910169014
0,946153846153843	-3,00000000014999E-11	3,00000000015003E-11	-0,000157617423963234
0,94807692307692	-3,00000000014999E-11	3,00000000015002E-11	-0,000157011634472137
0,949999999999997	-3,00000000014999E-11	3,00000000015001E-11	-0,000156184451770849
0,951923076923074	-3,00000000014999E-11	3,00000000015E-11	-0,000155156250052386
0,953846153846151	-3,00000000014999E-11	3,00000000014999E-11	-0,000153952344292756
0,955769230769228	-3,00000000014999E-11	3,00000000014998E-11	-0,000152602379939764
0,957692307692305	-3,00000000014999E-11	3,00000000014997E-11	-0,000151139594334015
0,959615384615381	-3,00000000014999E-11	3,00000000014996E-11	-0,000149600009473919
0,961538461538458	-3,00000000014999E-11	3,00000000014995E-11	-0,000148021532807626
0,963461538461535	-3,00000000014999E-11	3,00000000014994E-11	-0,000146443034702625
0,965384615384612	-3,00000000014999E-11	3,00000000014994E-11	-0,000144903379522389
0,967307692307689	-3,00000000014999E-11	3,00000000014993E-11	-0,00014344048261926
0,969230769230766	-3,00000000014999E-11	3,00000000014993E-11	-0,000142090360701584
0,971153846153843	-3,00000000014999E-11	3,00000000014993E-11	-0,000140886261050838
0,97307692307692	-3,00000000014999E-11	3,00000000014993E-11	-0,000139857832883174
0,974999999999997	-3,00000000014999E-11	3,00000000014993E-11	-0,000139030397708868
0,976923076923074	-3,00000000014999E-11	3,00000000014993E-11	-0,000138424331577246
0,978846153846151	-3,00000000014999E-11	3,00000000014994E-11	-0,000138054557634302
0,980769230769228	-3,00000000014999E-11	3,00000000014994E-11	-0,000137930178861784
0,982692307692304	-3,00000000014999E-11	3,00000000014995E-11	-0,000138054260897613
0,984615384615381	-3,00000000014999E-11	3,00000000014996E-11	-0,000138423746102196
0,986538461538458	-3,00000000014999E-11	3,00000000014997E-11	-0,000139029538472932
0,988461538461535	-3,00000000014999E-11	3,00000000014998E-11	-0,000139856718295076
0,990384615384612	-3,00000000014999E-11	3,00000000014999E-11	-0,000140884921018673
0,992307692307689	-3,00000000014999E-11	3,00000000015E-11	-0,000142088825498455
0,994230769230766	-3,00000000014999E-11	3,00000000015001E-11	-0,000143438792593776
0,996153846153843	-3,00000000014999E-11	3,00000000015002E-11	-0,000144901577288376
0,99807692307692	-3,00000000014999E-11	3,00000000015003E-11	-0,000146441162193637
0,999999999999997	-3,00000000014999E-11	3,00000000015004E-11	-0,000148019637965882
 
*Time 	VG2
0	6,12303176911189E-23
0,00128205128205128	1,04528463267653E-7
0,00256410256410256	2,07911690817759E-7
0,00384615384615385	3,09016994374947E-7
0,00512820512820513	4,067366430758E-7
0,00641025641025641	5E-7
0,00769230769230769	5,87785252292473E-7
0,00897435897435897	6,69130606358858E-7
0,0102564102564103	7,43144825477394E-7
0,0115384615384615	8,09016994374947E-7
0,0128205128205128	8,66025403784439E-7
0,0141025641025641	9,13545457642601E-7
0,0153846153846154	9,51056516295154E-7
0,0166666666666667	9,78147600733806E-7
0,017948717948718	9,94521895368273E-7
0,0192307692307692	1E-6
0,0205128205128205	9,94521895368273E-7
0,0217948717948718	9,78147600733805E-7
0,0230769230769231	9,51056516295154E-7
0,0243589743589744	9,13545457642601E-7
0,0256410256410256	8,66025403784439E-7
0,0269230769230769	8,09016994374948E-7
0,0282051282051282	7,43144825477394E-7
0,0294871794871795	6,69130606358859E-7
0,0307692307692308	5,87785252292473E-7
0,032051282051282	5,00000000000001E-7
0,0333333333333333	4,067366430758E-7
0,0346153846153846	3,09016994374947E-7
0,0358974358974359	2,07911690817759E-7
0,0371794871794872	1,04528463267653E-7
0,0384615384615385	-3,82858892158944E-22
0,0397435897435897	-1,04528463267654E-7
0,041025641025641	-2,0791169081776E-7
0,0423076923076923	-3,09016994374948E-7
0,0435897435897436	-4,06736643075801E-7
0,0448717948717949	-5,00000000000001E-7
0,0461538461538462	-5,87785252292474E-7
0,0474358974358975	-6,6913060635886E-7
0,0487179487179487	-7,43144825477395E-7
0,05	-8,09016994374949E-7
0,0512820512820513	-8,6602540378444E-7
0,0525641025641026	-9,13545457642602E-7
0,0538461538461539	-9,51056516295154E-7
0,0551282051282052	-9,78147600733806E-7
0,0564102564102564	-9,94521895368274E-7
0,0576923076923077	-1E-6
0,058974358974359	-9,94521895368273E-7
0,0602564102564103	-9,78147600733805E-7
0,0615384615384616	-9,51056516295152E-7
0,0628205128205129	-9,13545457642599E-7
0,0641025641025641	-8,66025403784437E-7
0,0653846153846154	-8,09016994374946E-7
0,0666666666666667	-7,43144825477393E-7
0,067948717948718	-6,69130606358857E-7
0,0692307692307693	-5,87785252292472E-7
0,0705128205128205	-4,99999999999999E-7
0,0717948717948718	-4,06736643075799E-7
0,0730769230769231	-3,09016994374947E-7
0,0743589743589744	-2,07911690817759E-7
0,0756410256410256	-1,04528463267653E-7
0,0769230769230769	-1,83690953073357E-22
0,0782051282051282	1,04528463267652E-7
0,0794871794871795	2,07911690817758E-7
0,0807692307692307	3,09016994374945E-7
0,082051282051282	4,06736643075798E-7
0,0833333333333333	4,99999999999998E-7
0,0846153846153846	5,8778525229247E-7
0,0858974358974359	6,69130606358856E-7
0,0871794871794871	7,43144825477391E-7
0,0884615384615384	8,09016994374945E-7
0,0897435897435897	8,66025403784436E-7
0,091025641025641	9,13545457642599E-7
0,0923076923076922	9,51056516295152E-7
0,0935897435897435	9,78147600733804E-7
0,0948717948717948	9,94521895368273E-7
0,0961538461538461	1E-6
0,0974358974358974	9,94521895368274E-7
0,0987179487179486	9,78147600733807E-7
0,0999999999999999	9,51056516295156E-7
0,101282051282051	9,13545457642604E-7
0,102564102564102	8,66025403784443E-7
0,103846153846154	8,09016994374953E-7
0,105128205128205	7,431448254774E-7
0,106410256410256	6,69130606358865E-7
0,107692307692308	5,87785252292481E-7
0,108974358974359	5,00000000000009E-7
0,11025641025641	4,0673664307581E-7
0,111538461538461	3,09016994374958E-7
0,112820512820513	2,07911690817771E-7
0,114102564102564	1,04528463267665E-7
0,115384615384615	1,20516389836428E-20
0,116666666666667	-1,04528463267641E-7
0,117948717948718	-2,07911690817747E-7
0,119230769230769	-3,09016994374935E-7
0,12051282051282	-4,06736643075788E-7
0,121794871794872	-4,99999999999988E-7
0,123076923076923	-5,87785252292462E-7
0,124358974358974	-6,69130606358847E-7
0,125641025641025	-7,43144825477385E-7
0,126923076923077	-8,09016994374939E-7
0,128205128205128	-8,66025403784431E-7
0,129487179487179	-9,13545457642595E-7
0,130769230769231	-9,51056516295149E-7
0,132051282051282	-9,78147600733802E-7
0,133333333333333	-9,94521895368272E-7
0,134615384615384	-1E-6
0,135897435897436	-9,94521895368275E-7
0,137179487179487	-9,78147600733809E-7
0,138461538461538	-9,51056516295159E-7
0,13974358974359	-9,13545457642608E-7
0,141025641025641	-8,66025403784448E-7
0,142307692307692	-8,09016994374958E-7
0,143589743589743	-7,43144825477407E-7
0,144871794871795	-6,69130606358873E-7
0,146153846153846	-5,87785252292489E-7
0,147435897435897	-5,00000000000017E-7
0,148717948717948	-4,06736643075819E-7
0,15	-3,09016994374967E-7
0,151282051282051	-2,0791169081778E-7
0,152564102564102	-1,04528463267675E-7
0,153846153846154	-2,23881514455765E-20
0,155128205128205	1,04528463267631E-7
0,156410256410256	2,07911690817736E-7
0,157692307692307	3,09016994374925E-7
0,158974358974359	4,06736643075778E-7
0,16025641025641	4,99999999999979E-7
0,161538461538461	5,87785252292453E-7
0,162820512820513	6,6913060635884E-7
0,164102564102564	7,43144825477377E-7
0,165384615384615	8,09016994374932E-7
0,166666666666666	8,66025403784425E-7
0,167948717948718	9,1354545764259E-7
0,169230769230769	9,51056516295145E-7
0,17051282051282	9,781476007338E-7
0,171794871794871	9,9452189536827E-7
0,173076923076923	1E-6
0,174358974358974	9,94521895368276E-7
0,175641025641025	9,78147600733812E-7
0,176923076923077	9,51056516295163E-7
0,178205128205128	9,13545457642613E-7
0,179487179487179	8,66025403784454E-7
0,18076923076923	8,09016994374965E-7
0,182051282051282	7,43144825477415E-7
0,183333333333333	6,69130606358881E-7
0,184615384615384	5,87785252292499E-7
0,185897435897436	5,00000000000028E-7
0,187179487179487	4,0673664307583E-7
0,188461538461538	3,09016994374978E-7
0,189743589743589	2,07911690817791E-7
0,191025641025641	1,04528463267686E-7
0,192307692307692	3,38120102662959E-20
0,193589743589743	-1,0452846326762E-7
0,194871794871794	-2,07911690817726E-7
0,196153846153846	-3,09016994374914E-7
0,197435897435897	-4,06736643075768E-7
0,198717948717948	-4,99999999999969E-7
0,2	-5,87785252292444E-7
0,201282051282051	-6,69130606358831E-7
0,202564102564102	-7,4314482547737E-7
0,203846153846153	-8,09016994374926E-7
0,205128205128205	-8,6602540378442E-7
0,206410256410256	-9,13545457642585E-7
0,207692307692307	-9,51056516295142E-7
0,208974358974358	-9,78147600733798E-7
0,21025641025641	-9,94521895368269E-7
0,211538461538461	-1E-6
0,212820512820512	-9,94521895368278E-7
0,214102564102564	-9,78147600733814E-7
0,215384615384615	-9,51056516295166E-7
0,216666666666666	-9,13545457642617E-7
0,217948717948717	-8,66025403784459E-7
0,219230769230769	-8,09016994374971E-7
0,22051282051282	-7,43144825477422E-7
0,221794871794871	-6,6913060635889E-7
0,223076923076923	-5,87785252292508E-7
0,224358974358974	-5,00000000000037E-7
0,225641025641025	-4,0673664307584E-7
0,226923076923076	-3,09016994374989E-7
0,228205128205128	-2,07911690817802E-7
0,229487179487179	-1,04528463267698E-7
0,23076923076923	-4,45926119380796E-20
0,232051282051282	1,04528463267608E-7
0,233333333333333	2,07911690817714E-7
0,234615384615384	3,09016994374903E-7
0,235897435897435	4,06736643075757E-7
0,237179487179487	4,99999999999959E-7
0,238461538461538	5,87785252292435E-7
0,239743589743589	6,69130606358823E-7
0,24102564102564	7,43144825477362E-7
0,242307692307692	8,09016994374919E-7
0,243589743589743	8,66025403784414E-7
0,244871794871794	9,13545457642581E-7
0,246153846153846	9,51056516295138E-7
0,247435897435897	9,78147600733795E-7
0,248717948717948	9,94521895368268E-7
0,249999999999999	1E-6
0,251282051282051	9,94521895368279E-7
0,252564102564102	9,78147600733816E-7
0,253846153846153	9,5105651629517E-7
0,255128205128205	9,13545457642622E-7
0,256410256410256	8,66025403784465E-7
0,257692307692307	8,09016994374978E-7
0,258974358974358	7,4314482547743E-7
0,26025641025641	6,69130606358898E-7
0,261538461538461	5,87785252292517E-7
0,262820512820512	5,00000000000047E-7
0,264102564102563	4,0673664307585E-7
0,265384615384615	3,09016994375E-7
0,266666666666666	2,07911690817814E-7
0,267948717948717	1,04528463267709E-7
0,269230769230769	5,64605599686491E-20
0,27051282051282	-1,04528463267597E-7
0,271794871794871	-2,07911690817704E-7
0,273076923076922	-3,09016994374893E-7
0,274358974358974	-4,06736643075748E-7
0,275641025641025	-4,9999999999995E-7
0,276923076923076	-5,87785252292426E-7
0,278205128205127	-6,69130606358814E-7
0,279487179487179	-7,43144825477354E-7
0,28076923076923	-8,09016994374912E-7
0,282051282051281	-8,66025403784409E-7
0,283333333333333	-9,13545457642576E-7
0,284615384615384	-9,51056516295135E-7
0,285897435897435	-9,78147600733793E-7
0,287179487179486	-9,94521895368267E-7
0,288461538461538	-1E-6
0,289743589743589	-9,9452189536828E-7
0,29102564102564	-9,78147600733819E-7
0,292307692307692	-9,51056516295173E-7
0,293589743589743	-9,13545457642627E-7
0,294871794871794	-8,66025403784471E-7
0,296153846153845	-8,09016994374985E-7
0,297435897435897	-7,43144825477437E-7
0,298717948717948	-6,69130606358906E-7
0,299999999999999	-5,87785252292526E-7
0,30128205128205	-5,00000000000057E-7
0,302564102564102	-4,0673664307586E-7
0,303846153846153	-3,0901699437501E-7
0,305128205128204	-2,07911690817824E-7
0,306410256410256	-1,0452846326772E-7
0,307692307692307	-6,76852508502829E-20
0,308974358974358	1,04528463267585E-7
0,310256410256409	2,07911690817692E-7
0,311538461538461	3,09016994374882E-7
0,312820512820512	4,06736643075737E-7
0,314102564102563	4,9999999999994E-7
0,315384615384615	5,87785252292416E-7
0,316666666666666	6,69130606358806E-7
0,317948717948717	7,43144825477347E-7
0,319230769230768	8,09016994374905E-7
0,32051282051282	8,66025403784403E-7
0,321794871794871	9,13545457642572E-7
0,323076923076922	9,51056516295131E-7
0,324358974358974	9,7814760073379E-7
0,325641025641025	9,94521895368266E-7
0,326923076923076	1E-6
0,328205128205127	9,94521895368281E-7
0,329487179487179	9,78147600733821E-7
0,33076923076923	9,51056516295177E-7
0,332051282051281	9,13545457642631E-7
0,333333333333332	8,66025403784476E-7
0,334615384615384	8,09016994374992E-7
0,335897435897435	7,43144825477445E-7
0,337179487179486	6,69130606358915E-7
0,338461538461538	5,87785252292535E-7
0,339743589743589	5,00000000000067E-7
0,34102564102564	4,06736643075871E-7
0,342307692307691	3,09016994375021E-7
0,343589743589743	2,07911690817836E-7
0,344871794871794	1,04528463267732E-7
0,346153846153845	7,91091096710023E-20
0,347435897435896	-1,04528463267574E-7
0,348717948717948	-2,07911690817681E-7
0,349999999999999	-3,09016994374871E-7
0,35128205128205	-4,06736643075727E-7
0,352564102564102	-4,9999999999993E-7
0,353846153846153	-5,87785252292407E-7
0,355128205128204	-6,69130606358797E-7
0,356410256410255	-7,43144825477339E-7
0,357692307692307	-8,09016994374899E-7
0,358974358974358	-8,66025403784397E-7
0,360256410256409	-9,13545457642567E-7
0,361538461538461	-9,51056516295128E-7
0,362820512820512	-9,78147600733788E-7
0,364102564102563	-9,94521895368264E-7
0,365384615384614	-1E-6
0,366666666666666	-9,94521895368282E-7
0,367948717948717	-9,78147600733823E-7
0,369230769230768	-9,5105651629518E-7
0,370512820512819	-9,13545457642636E-7
0,371794871794871	-8,66025403784482E-7
0,373076923076922	-8,09016994374998E-7
0,374358974358973	-7,43144825477452E-7
0,375641025641025	-6,69130606358924E-7
0,376923076923076	-5,87785252292544E-7
0,378205128205127	-5,00000000000077E-7
0,379487179487178	-4,06736643075881E-7
0,38076923076923	-3,09016994375032E-7
0,382051282051281	-2,07911690817847E-7
0,383333333333332	-1,04528463267743E-7
0,384615384615384	-8,9889711342786E-20
0,385897435897435	1,04528463267563E-7
0,387179487179486	2,0791169081767E-7
0,388461538461537	3,0901699437486E-7
0,389743589743589	4,06736643075716E-7
0,39102564102564	4,9999999999992E-7
0,392307692307691	5,87785252292398E-7
0,393589743589742	6,69130606358789E-7
0,394871794871794	7,43144825477332E-7
0,396153846153845	8,09016994374892E-7
0,397435897435896	8,66025403784392E-7
0,398717948717948	9,13545457642562E-7
0,399999999999999	9,51056516295124E-7
0,40128205128205	9,78147600733786E-7
0,402564102564101	9,94521895368263E-7
0,403846153846153	1E-6
0,405128205128204	9,94521895368283E-7
0,406410256410255	9,78147600733826E-7
0,407692307692306	9,51056516295184E-7
0,408974358974358	9,13545457642641E-7
0,410256410256409	8,66025403784488E-7
0,41153846153846	8,09016994375005E-7
0,412820512820512	7,4314482547746E-7
0,414102564102563	6,69130606358932E-7
0,415384615384614	5,87785252292554E-7
0,416666666666665	5,00000000000086E-7
0,417948717948717	4,06736643075892E-7
0,419230769230768	3,09016994375043E-7
0,420512820512819	2,07911690817858E-7
0,421794871794871	1,04528463267754E-7
0,423076923076922	1,01757659373355E-19
0,424358974358973	-1,04528463267552E-7
0,425641025641024	-2,07911690817659E-7
0,426923076923076	-3,0901699437485E-7
0,428205128205127	-4,06736643075706E-7
0,429487179487178	-4,99999999999911E-7
0,43076923076923	-5,87785252292389E-7
0,432051282051281	-6,69130606358781E-7
0,433333333333332	-7,43144825477324E-7
0,434615384615383	-8,09016994374886E-7
0,435897435897435	-8,66025403784386E-7
0,437179487179486	-9,13545457642558E-7
0,438461538461537	-9,51056516295121E-7
0,439743589743588	-9,78147600733783E-7
0,44102564102564	-9,94521895368262E-7
0,442307692307691	-1E-6
0,443589743589742	-9,94521895368285E-7
0,444871794871794	-9,78147600733828E-7
0,446153846153845	-9,51056516295187E-7
0,447435897435896	-9,13545457642645E-7
0,448717948717947	-8,66025403784493E-7
0,449999999999999	-8,09016994375012E-7
0,45128205128205	-7,43144825477468E-7
0,452564102564101	-6,6913060635894E-7
0,453846153846153	-5,87785252292562E-7
0,455128205128204	-5,00000000000096E-7
0,456410256410255	-4,06736643075902E-7
0,457692307692306	-3,09016994375053E-7
0,458974358974358	-2,07911690817868E-7
0,460256410256409	-1,04528463267766E-7
0,46153846153846	-1,12982350254989E-19
0,462820512820511	1,0452846326754E-7
0,464102564102563	2,07911690817648E-7
0,465384615384614	3,09016994374838E-7
0,466666666666665	4,06736643075695E-7
0,467948717948717	4,999999999999E-7
0,469230769230768	5,8778525229238E-7
0,470512820512819	6,69130606358772E-7
0,47179487179487	7,43144825477316E-7
0,473076923076922	8,09016994374879E-7
0,474358974358973	8,6602540378438E-7
0,475641025641024	9,13545457642553E-7
0,476923076923076	9,51056516295117E-7
0,478205128205127	9,78147600733781E-7
0,479487179487178	9,94521895368261E-7
0,480769230769229	1E-6
0,482051282051281	9,94521895368286E-7
0,483333333333332	9,78147600733831E-7
0,484615384615383	9,51056516295191E-7
0,485897435897434	9,1354545764265E-7
0,487179487179486	8,66025403784499E-7
0,488461538461537	8,09016994375018E-7
0,489743589743588	7,43144825477476E-7
0,49102564102564	6,69130606358949E-7
0,492307692307691	5,87785252292572E-7
0,493589743589742	5,00000000000106E-7
0,494871794871793	4,06736643075912E-7
0,496153846153845	3,09016994375064E-7
0,497435897435896	2,0791169081788E-7
0,498717948717947	1,04528463267777E-7
0,499999999999999	1,24406209075709E-19
0,50128205128205	-1,04528463267534E-7
0,502564102564101	-2,07911690817641E-7
0,503846153846152	-3,09016994374832E-7
0,505128205128204	-4,06736643075689E-7
0,506410256410255	-4,99999999999895E-7
0,507692307692306	-5,87785252292375E-7
0,508974358974358	-6,69130606358767E-7
0,510256410256409	-7,43144825477312E-7
0,51153846153846	-8,09016994374875E-7
0,512820512820511	-8,66025403784377E-7
0,514102564102563	-9,1354545764255E-7
0,515384615384614	-9,51056516295115E-7
0,516666666666665	-9,7814760073378E-7
0,517948717948716	-9,9452189536826E-7
0,519230769230768	-1E-6
0,520512820512819	-9,94521895368286E-7
0,52179487179487	-9,78147600733832E-7
0,523076923076922	-9,51056516295193E-7
0,524358974358973	-9,13545457642652E-7
0,525641025641024	-8,66025403784502E-7
0,526923076923075	-8,09016994375022E-7
0,528205128205127	-7,43144825477479E-7
0,529487179487178	-6,69130606358954E-7
0,530769230769229	-5,87785252292577E-7
0,532051282051281	-5,00000000000112E-7
0,533333333333332	-4,06736643075919E-7
0,534615384615383	-3,09016994375071E-7
0,535897435897434	-2,07911690817887E-7
0,537179487179486	-1,04528463267783E-7
0,538461538461537	-1,30745918648992E-19
0,539743589743588	1,04528463267518E-7
0,541025641025639	2,07911690817626E-7
0,542307692307691	3,09016994374817E-7
0,543589743589742	4,06736643075675E-7
0,544871794871793	4,99999999999881E-7
0,546153846153845	5,87785252292361E-7
0,547435897435896	6,69130606358755E-7
0,548717948717947	7,43144825477301E-7
0,549999999999998	8,09016994374865E-7
0,55128205128205	8,66025403784369E-7
0,552564102564101	9,13545457642544E-7
0,553846153846152	9,5105651629511E-7
0,555128205128204	9,78147600733776E-7
0,556410256410255	9,94521895368258E-7
0,557692307692306	1E-6
0,558974358974357	9,94521895368288E-7
0,560256410256409	9,78147600733835E-7
0,56153846153846	9,51056516295198E-7
0,562820512820511	9,13545457642659E-7
0,564102564102562	8,6602540378451E-7
0,565384615384614	8,09016994375032E-7
0,566666666666665	7,43144825477491E-7
0,567948717948716	6,69130606358966E-7
0,569230769230768	5,8778525229259E-7
0,570512820512819	5,00000000000126E-7
0,57179487179487	4,06736643075933E-7
0,573076923076921	3,09016994375086E-7
0,574358974358973	2,07911690817903E-7
0,575641025641024	1,04528463267799E-7
0,576923076923075	1,47054758778062E-19
0,578205128205127	-1,04528463267507E-7
0,579487179487178	-2,07911690817615E-7
0,580769230769229	-3,09016994374807E-7
0,58205128205128	-4,06736643075665E-7
0,583333333333332	-4,99999999999871E-7
0,584615384615383	-5,87785252292352E-7
0,585897435897434	-6,69130606358747E-7
0,587179487179485	-7,43144825477294E-7
0,588461538461537	-8,09016994374859E-7
0,589743589743588	-8,66025403784363E-7
0,591025641025639	-9,1354545764254E-7
0,59230769230769	-9,51056516295107E-7
0,593589743589742	-9,78147600733774E-7
0,594871794871793	-9,94521895368257E-7
0,596153846153844	-1E-6
0,597435897435896	-9,94521895368289E-7
0,598717948717947	-9,78147600733837E-7
0,599999999999998	-9,51056516295201E-7
0,60128205128205	-9,13545457642664E-7
0,602564102564101	-8,66025403784516E-7
0,603846153846152	-8,09016994375038E-7
0,605128205128203	-7,43144825477498E-7
0,606410256410255	-6,69130606358974E-7
0,607692307692306	-5,87785252292599E-7
0,608974358974357	-5,00000000000135E-7
0,610256410256408	-4,06736643075943E-7
0,61153846153846	-3,09016994375096E-7
0,612820512820511	-2,07911690817914E-7
0,614102564102562	-1,04528463267811E-7
0,615384615384614	-1,58279449659696E-19
0,616666666666665	1,045284632675E-7
0,617948717948716	2,07911690817608E-7
0,619230769230767	3,090169943748E-7
0,620512820512819	4,06736643075658E-7
0,62179487179487	4,99999999999865E-7
0,623076923076921	5,87785252292347E-7
0,624358974358972	6,69130606358742E-7
0,625641025641024	7,43144825477289E-7
0,626923076923075	8,09016994374855E-7
0,628205128205126	8,6602540378436E-7
0,629487179487178	9,13545457642536E-7
0,630769230769229	9,51056516295105E-7
0,63205128205128	9,78147600733773E-7
0,633333333333331	9,94521895368257E-7
0,634615384615383	1E-6
0,635897435897434	9,9452189536829E-7
0,637179487179485	9,78147600733839E-7
0,638461538461537	9,51056516295203E-7
0,639743589743588	9,13545457642666E-7
0,641025641025639	8,66025403784519E-7
0,64230769230769	8,09016994375042E-7
0,643589743589742	7,43144825477503E-7
0,644871794871793	6,69130606358979E-7
0,646153846153844	5,87785252292605E-7
0,647435897435895	5,00000000000141E-7
0,648717948717947	4,0673664307595E-7
0,649999999999998	3,09016994375103E-7
0,651282051282049	2,0791169081792E-7
0,652564102564101	1,04528463267818E-7
0,653846153846152	1,65262416381914E-19
0,655128205128203	-1,04528463267489E-7
0,656410256410254	-2,07911690817597E-7
0,657692307692306	-3,09016994374789E-7
0,658974358974357	-4,06736643075648E-7
0,660256410256408	-4,99999999999856E-7
0,66153846153846	-5,87785252292338E-7
0,662820512820511	-6,69130606358734E-7
0,664102564102562	-7,43144825477282E-7
0,665384615384613	-8,09016994374848E-7
0,666666666666665	-8,66025403784354E-7
0,667948717948716	-9,13545457642532E-7
0,669230769230767	-9,51056516295101E-7
0,670512820512818	-9,7814760073377E-7
0,67179487179487	-9,94521895368255E-7
0,673076923076921	-1E-6
0,674358974358972	-9,94521895368291E-7
0,675641025641024	-9,78147600733841E-7
0,676923076923075	-9,51056516295207E-7
0,678205128205126	-9,13545457642671E-7
0,679487179487177	-8,66025403784525E-7
0,680769230769229	-8,09016994375049E-7
0,68205128205128	-7,4314482547751E-7
0,683333333333331	-6,69130606358987E-7
0,684615384615383	-5,87785252292614E-7
0,685897435897434	-5,00000000000151E-7
0,687179487179485	-4,0673664307596E-7
0,688461538461536	-3,09016994375114E-7
0,689743589743588	-2,07911690817931E-7
0,691025641025639	-1,04528463267828E-7
0,69230769230769	-1,76043018053698E-19
0,693589743589741	1,04528463267482E-7
0,694871794871793	2,0791169081759E-7
0,696153846153844	3,09016994374783E-7
0,697435897435895	4,06736643075642E-7
0,698717948717947	4,99999999999849E-7
0,699999999999998	5,87785252292332E-7
0,701282051282049	6,69130606358728E-7
0,7025641025641	7,43144825477277E-7
0,703846153846152	8,09016994374844E-7
0,705128205128203	8,66025403784351E-7
0,706410256410254	9,13545457642529E-7
0,707692307692306	9,51056516295099E-7
0,708974358974357	9,78147600733769E-7
0,710256410256408	9,94521895368255E-7
0,711538461538459	1E-6
0,712820512820511	9,94521895368292E-7
0,714102564102562	9,78147600733843E-7
0,715384615384613	9,51056516295209E-7
0,716666666666664	9,13545457642674E-7
0,717948717948716	8,66025403784528E-7
0,719230769230767	8,09016994375053E-7
0,720512820512818	7,43144825477515E-7
0,72179487179487	6,69130606358992E-7
0,723076923076921	5,8778525229262E-7
0,724358974358972	5,00000000000157E-7
0,725641025641023	4,06736643075966E-7
0,726923076923075	3,09016994375121E-7
0,728205128205126	2,07911690817938E-7
0,729487179487177	1,04528463267835E-7
0,730769230769229	1,83470073985767E-19
0,73205128205128	-1,04528463267471E-7
0,733333333333331	-2,07911690817579E-7
0,734615384615382	-3,09016994374772E-7
0,735897435897434	-4,06736643075631E-7
0,737179487179485	-4,9999999999984E-7
0,738461538461536	-5,87785252292323E-7
0,739743589743587	-6,6913060635872E-7
0,741025641025639	-7,4314482547727E-7
0,74230769230769	-8,09016994374838E-7
0,743589743589741	-8,66025403784345E-7
0,744871794871793	-9,13545457642525E-7
0,746153846153844	-9,51056516295096E-7
0,747435897435895	-9,78147600733767E-7
0,748717948717946	-9,94521895368254E-7
0,749999999999998	-1E-6
0,751282051282049	-9,94521895368293E-7
0,7525641025641	-9,78147600733845E-7
0,753846153846152	-9,51056516295212E-7
0,755128205128203	-9,13545457642678E-7
0,756410256410254	-8,66025403784534E-7
0,757692307692305	-8,0901699437506E-7
0,758974358974357	-7,43144825477522E-7
0,760256410256408	-6,69130606359001E-7
0,761538461538459	-5,87785252292628E-7
0,76282051282051	-5,00000000000167E-7
0,764102564102562	-4,06736643075976E-7
0,765384615384613	-3,09016994375131E-7
0,766666666666664	-2,07911690817948E-7
0,767948717948716	-1,04528463267846E-7
0,769230769230767	-1,94694764867401E-19
0,770512820512818	1,04528463267455E-7
0,771794871794869	2,07911690817564E-7
0,773076923076921	3,09016994374757E-7
0,774358974358972	4,06736643075617E-7
0,775641025641023	4,99999999999826E-7
0,776923076923074	5,8778525229231E-7
0,778205128205126	6,69130606358708E-7
0,779487179487177	7,43144825477259E-7
0,780769230769228	8,09016994374828E-7
0,78205128205128	8,66025403784337E-7
0,783333333333331	9,13545457642518E-7
0,784615384615382	9,51056516295091E-7
0,785897435897433	9,78147600733763E-7
0,787179487179485	9,94521895368252E-7
0,788461538461536	1E-6
0,789743589743587	9,94521895368295E-7
0,791025641025639	9,78147600733848E-7
0,79230769230769	9,51056516295217E-7
0,793589743589741	9,13545457642685E-7
0,794871794871792	8,66025403784542E-7
0,796153846153844	8,09016994375069E-7
0,797435897435895	7,43144825477533E-7
0,798717948717946	6,69130606359013E-7
0,799999999999997	5,87785252292642E-7
0,801282051282049	5,00000000000181E-7
0,8025641025641	4,06736643075991E-7
0,803846153846151	3,09016994375146E-7
0,805128205128203	2,07911690817964E-7
0,806410256410254	1,04528463267863E-7
0,807692307692305	2,10559515786621E-19
0,808974358974356	-1,04528463267444E-7
0,810256410256408	-2,07911690817553E-7
0,811538461538459	-3,09016994374746E-7
0,81282051282051	-4,06736643075607E-7
0,814102564102562	-4,99999999999816E-7
0,815384615384613	-5,87785252292301E-7
0,816666666666664	-6,691306063587E-7
0,817948717948715	-7,43144825477251E-7
0,819230769230767	-8,09016994374822E-7
0,820512820512818	-8,66025403784331E-7
0,821794871794869	-9,13545457642514E-7
0,82307692307692	-9,51056516295087E-7
0,824358974358972	-9,78147600733761E-7
0,825641025641023	-9,94521895368251E-7
0,826923076923074	-1E-6
0,828205128205126	-9,94521895368296E-7
0,829487179487177	-9,78147600733851E-7
0,830769230769228	-9,5105651629522E-7
0,832051282051279	-9,13545457642689E-7
0,833333333333331	-8,66025403784547E-7
0,834615384615382	-8,09016994375075E-7
0,835897435897433	-7,43144825477541E-7
0,837179487179485	-6,69130606359021E-7
0,838461538461536	-5,87785252292651E-7
0,839743589743587	-5,0000000000019E-7
0,841025641025638	-4,06736643076001E-7
0,84230769230769	-3,09016994375157E-7
0,843589743589741	-2,07911690817975E-7
0,844871794871792	-1,04528463267873E-7
0,846153846153843	-2,21340117458405E-19
0,847435897435895	1,04528463267428E-7
0,848717948717946	2,07911690817537E-7
0,849999999999997	3,09016994374731E-7
0,851282051282049	4,06736643075592E-7
0,8525641025641	4,99999999999802E-7
0,853846153846151	5,87785252292288E-7
0,855128205128202	6,69130606358688E-7
0,856410256410254	7,43144825477241E-7
0,857692307692305	8,09016994374812E-7
0,858974358974356	8,66025403784323E-7
0,860256410256408	9,13545457642507E-7
0,861538461538459	9,51056516295082E-7
0,86282051282051	9,78147600733757E-7
0,864102564102561	9,94521895368249E-7
0,865384615384613	1E-6
0,866666666666664	9,94521895368298E-7
0,867948717948715	9,78147600733854E-7
0,869230769230766	9,51056516295226E-7
0,870512820512818	9,13545457642696E-7
0,871794871794869	8,66025403784556E-7
0,87307692307692	8,09016994375085E-7
0,874358974358972	7,43144825477551E-7
0,875641025641023	6,69130606359033E-7
0,876923076923074	5,87785252292664E-7
0,878205128205125	5,00000000000204E-7
0,879487179487177	4,06736643076016E-7
0,880769230769228	3,09016994375173E-7
0,882051282051279	2,07911690817991E-7
0,883333333333331	1,0452846326789E-7
0,884615384615382	2,37648957587475E-19
0,885897435897433	-1,04528463267417E-7
0,887179487179484	-2,07911690817526E-7
0,888461538461536	-3,09016994374721E-7
0,889743589743587	-4,06736643075582E-7
0,891025641025638	-4,99999999999792E-7
0,892307692307689	-5,87785252292279E-7
0,893589743589741	-6,6913060635868E-7
0,894871794871792	-7,43144825477233E-7
0,896153846153843	-8,09016994374806E-7
0,897435897435895	-8,66025403784318E-7
0,898717948717946	-9,13545457642503E-7
0,899999999999997	-9,51056516295079E-7
0,901282051282048	-9,78147600733755E-7
0,9025641025641	-9,94521895368248E-7
0,903846153846151	-1E-6
0,905128205128202	-9,94521895368299E-7
0,906410256410254	-9,78147600733856E-7
0,907692307692305	-9,51056516295229E-7
0,908974358974356	-9,135454576427E-7
0,910256410256407	-8,66025403784561E-7
0,911538461538459	-8,09016994375092E-7
0,91282051282051	-7,43144825477559E-7
0,914102564102561	-6,69130606359041E-7
0,915384615384612	-5,87785252292672E-7
0,916666666666664	-5,00000000000213E-7
0,917948717948715	-4,06736643076026E-7
0,919230769230766	-3,09016994375183E-7
0,920512820512818	-2,07911690818002E-7
0,921794871794869	-1,04528463267901E-7
0,92307692307692	-2,48873648469108E-19
0,924358974358971	1,0452846326741E-7
0,925641025641023	2,07911690817519E-7
0,926923076923074	3,09016994374713E-7
0,928205128205125	4,06736643075575E-7
0,929487179487177	4,99999999999786E-7
0,930769230769228	5,87785252292273E-7
0,932051282051279	6,69130606358674E-7
0,93333333333333	7,43144825477228E-7
0,934615384615382	8,09016994374802E-7
0,935897435897433	8,66025403784314E-7
0,937179487179484	9,135454576425E-7
0,938461538461535	9,51056516295076E-7
0,939743589743587	9,78147600733754E-7
0,941025641025638	9,94521895368247E-7
0,942307692307689	1E-6
0,943589743589741	9,945218953683E-7
0,944871794871792	9,78147600733858E-7
0,946153846153843	9,51056516295231E-7
0,947435897435894	9,13545457642703E-7
0,948717948717946	8,66025403784565E-7
0,949999999999997	8,09016994375096E-7
0,951282051282048	7,43144825477564E-7
0,952564102564099	6,69130606359046E-7
0,953846153846151	5,87785252292678E-7
0,955128205128202	5,0000000000022E-7
0,956410256410253	4,06736643076032E-7
0,957692307692305	3,0901699437519E-7
0,958974358974356	2,07911690818009E-7
0,960256410256407	1,04528463267908E-7
0,961538461538458	2,55856615191327E-19
0,96282051282051	-1,04528463267399E-7
0,964102564102561	-2,07911690817508E-7
0,965384615384612	-3,09016994374703E-7
0,966666666666664	-4,06736643075565E-7
0,967948717948715	-4,99999999999777E-7
0,969230769230766	-5,87785252292264E-7
0,970512820512817	-6,69130606358666E-7
0,971794871794869	-7,43144825477221E-7
0,97307692307692	-8,09016994374795E-7
0,974358974358971	-8,66025403784309E-7
0,975641025641022	-9,13545457642495E-7
0,976923076923074	-9,51056516295073E-7
0,978205128205125	-9,78147600733751E-7
0,979487179487176	-9,94521895368246E-7
0,980769230769228	-1E-6
0,982051282051279	-9,94521895368301E-7
0,98333333333333	-9,7814760073386E-7
0,984615384615382	-9,51056516295235E-7
0,985897435897433	-9,13545457642708E-7
0,987179487179484	-8,6602540378457E-7
0,988461538461535	-8,09016994375103E-7
0,989743589743587	-7,43144825477571E-7
0,991025641025638	-6,69130606359055E-7
0,992307692307689	-5,87785252292687E-7
0,99358974358974	-5,0000000000023E-7
0,994871794871792	-4,06736643076043E-7
0,996153846153843	-3,090169943752E-7
0,997435897435894	-2,0791169081802E-7
0,998717948717945	-1,04528463267918E-7
0,999999999999997	-2,66637216863111E-19
1	6,12303176911189E-23
 
